local CutsceneCF = {
	{CFrame.new(1.750008,6.360291,11.663391,1.000000,0.000000,-0.000000,-0.000000,0.929478,0.368877,0.000000,-0.368877,0.929478), FOV = 70.0000},
	{CFrame.new(1.309090,4.757812,8.724823,1.000000,0.000000,0.000000,-0.000000,0.960330,0.278867,-0.000000,-0.278867,0.960330), FOV = 70.0000},
	{CFrame.new(1.309090,4.757812,8.724823,1.000000,0.000000,0.000000,-0.000000,0.960330,0.278867,-0.000000,-0.278867,0.960330), FOV = 70.0000},
	{CFrame.new(1.235680,4.443054,8.076233,0.998931,-0.015430,0.043573,0.003479,0.965061,0.262001,-0.046093,-0.261569,0.964083), FOV = 70.0000},
	{CFrame.new(1.133255,3.907501,6.851219,0.979373,-0.064955,0.191336,0.017838,0.971018,0.238339,-0.201272,-0.230010,0.952148), FOV = 70.0000},
	{CFrame.new(1.068108,3.467804,5.743004,0.921571,-0.121593,0.368675,0.037633,0.973191,0.226900,-0.386380,-0.195231,0.901441), FOV = 70.0000},
	{CFrame.new(1.051079,3.282959,5.221138,0.869394,-0.153680,0.469613,0.049038,0.972547,0.227481,-0.491680,-0.174742,0.853063), FOV = 70.0000},
	{CFrame.new(1.044350,3.120178,4.716888,0.796301,-0.187698,0.575043,0.060490,0.970584,0.233040,-0.601869,-0.150786,0.784231), FOV = 70.0000},
	{CFrame.new(1.043991,2.839813,3.787445,0.607776,-0.246910,0.754748,0.078886,0.964505,0.252006,-0.790181,-0.093624,0.605680), FOV = 70.0000},
	{CFrame.new(1.043839,2.714172,3.370941,0.508294,-0.268032,0.818411,0.085270,0.961327,0.261878,-0.856952,-0.063326,0.511491), FOV = 70.0000},
	{CFrame.new(1.043556,2.488647,2.623337,0.312399,-0.296243,0.902578,0.093448,0.955106,0.281139,-0.945344,-0.003484,0.326057), FOV = 70.0000},
	{CFrame.new(1.043442,2.387573,2.288315,0.219352,-0.304555,0.926893,0.095662,0.952166,0.290220,-0.970945,0.025008,0.237994), FOV = 70.0000},
	{CFrame.new(1.043213,2.206177,1.686981,0.047806,-0.312415,0.948742,0.097294,0.946768,0.306862,-0.994107,0.077637,0.075657), FOV = 70.0000},
	{CFrame.new(1.043121,2.124878,1.417503,-0.029845,-0.312942,0.949303,0.097038,0.944333,0.314354,-0.994833,0.101501,0.002183), FOV = 70.0000},
	{CFrame.new(1.042946,1.978943,0.933815,-0.168459,-0.309221,0.935951,0.095051,0.940000,0.327667,-0.981115,0.144161,-0.128960), FOV = 70.0000},
	{CFrame.new(1.042870,1.913544,0.717056,-0.229675,-0.305623,0.924037,0.093531,0.938092,0.333520,-0.968763,0.163027,-0.186871), FOV = 70.0000},
	{CFrame.new(1.042725,1.796173,0.328003,-0.337145,-0.296226,0.893635,0.089852,0.934751,0.343754,-0.937155,0.196190,-0.288530), FOV = 70.0000},
	{CFrame.new(1.042656,1.743561,0.153648,-0.384011,-0.290814,0.876335,0.087817,0.933298,0.348199,-0.919143,0.210669,-0.332858), FOV = 70.0000},
	{CFrame.new(1.042549,1.649139,-0.159294,-0.465621,-0.279295,0.839757,0.083585,0.930774,0.355912,-0.881029,0.235911,-0.410043), FOV = 70.0000},
	{CFrame.new(1.042488,1.606842,-0.299538,-0.501003,-0.273401,0.821126,0.081454,0.929682,0.359244,-0.861604,0.246866,-0.443504), FOV = 70.0000},
	{CFrame.new(1.042381,1.530914,-0.551254,-0.562420,-0.261724,0.784337,0.077281,0.927791,0.365008,-0.823233,0.265902,-0.501582), FOV = 70.0000},
	{CFrame.new(1.042297,1.465240,-0.768967,-0.613164,-0.250528,0.749177,0.073326,0.926233,0.369750,-0.786545,0.281651,-0.549563), FOV = 70.0000},
	{CFrame.new(1.042267,1.435822,-0.866524,-0.635132,-0.245193,0.732453,0.071453,0.925560,0.371796,-0.769091,0.288476,-0.570333), FOV = 70.0000},
	{CFrame.new(1.042213,1.382996,-1.041641,-0.673293,-0.235142,0.700989,0.067943,0.924394,0.375340,-0.736248,0.300341,-0.606411), FOV = 70.0000},
	{CFrame.new(1.042191,1.359314,-1.120117,-0.689843,-0.230446,0.686303,0.066310,0.923888,0.376873,-0.720916,0.305491,-0.622057), FOV = 70.0000},
	{CFrame.new(1.042137,1.316833,-1.260979,-0.718658,-0.221726,0.659067,0.063288,0.923011,0.379534,-0.692479,0.314466,-0.649296), FOV = 70.0000},
	{CFrame.new(1.042107,1.297791,-1.324097,-0.731189,-0.217702,0.646506,0.061898,0.922630,0.380688,-0.679362,0.318372,-0.661141), FOV = 70.0000},
	{CFrame.new(1.042053,1.263611,-1.437401,-0.753071,-0.210301,0.623424,0.059347,0.921965,0.382698,-0.655257,0.325198,-0.681825), FOV = 70.0000},
	{CFrame.new(1.042030,1.248291,-1.488174,-0.762619,-0.206913,0.612862,0.058182,0.921676,0.383574,-0.644227,0.328178,-0.690849), FOV = 70.0000},
	{CFrame.new(1.041992,1.220795,-1.579308,-0.779344,-0.200723,0.593577,0.056058,0.921170,0.385103,-0.624084,0.333402,-0.706656), FOV = 70.0000},
	{CFrame.new(1.041977,1.208466,-1.620148,-0.786665,-0.197905,0.584801,0.055092,0.920948,0.385771,-0.614917,0.335690,-0.713575), FOV = 70.0000},
	{CFrame.new(1.041962,1.186371,-1.693443,-0.799532,-0.192779,0.568846,0.053339,0.920560,0.386943,-0.598251,0.339714,-0.725734), FOV = 70.0000},
	{CFrame.new(1.041954,1.176453,-1.726295,-0.805183,-0.190455,0.561612,0.052544,0.920389,0.387456,-0.590695,0.341482,-0.731074), FOV = 70.0000},
	{CFrame.new(1.041939,1.167236,-1.756851,-0.810373,-0.188278,0.554840,0.051801,0.920233,0.387928,-0.583620,0.343107,-0.735979), FOV = 70.0000},
	{CFrame.new(1.041916,1.150696,-1.811684,-0.819531,-0.184335,0.542577,0.050456,0.919957,0.388758,-0.570809,0.345975,-0.744633), FOV = 70.0000},
	{CFrame.new(1.041901,1.143280,-1.836258,-0.823569,-0.182554,0.537037,0.049849,0.919836,0.389123,-0.565022,0.347240,-0.748448), FOV = 70.0000},
	{CFrame.new(1.041893,1.129974,-1.880363,-0.830712,-0.179334,0.527027,0.048753,0.919622,0.389768,-0.554564,0.349479,-0.755197), FOV = 70.0000},
	{CFrame.new(1.041878,1.124023,-1.900131,-0.833869,-0.177882,0.522514,0.048259,0.919527,0.390053,-0.549849,0.350469,-0.758181), FOV = 70.0000},
	{CFrame.new(1.041855,1.113312,-1.935608,-0.839468,-0.175261,0.514370,0.047367,0.919359,0.390558,-0.541341,0.352226,-0.763471), FOV = 70.0000},
	{CFrame.new(1.041840,1.108521,-1.951508,-0.841949,-0.174081,0.510703,0.046966,0.919284,0.390782,-0.537509,0.353004,-0.765815), FOV = 70.0000},
	{CFrame.new(1.041847,1.099915,-1.980049,-0.846358,-0.171954,0.504094,0.046244,0.919152,0.391178,-0.530604,0.354388,-0.769980), FOV = 70.0000},
	{CFrame.new(1.041840,1.096069,-1.992836,-0.848315,-0.170997,0.501120,0.045919,0.919094,0.391354,-0.527497,0.355002,-0.771830), FOV = 70.0000},
	{CFrame.new(1.041832,1.089142,-2.015793,-0.851799,-0.169273,0.495766,0.045333,0.918990,0.391667,-0.521903,0.356096,-0.775121), FOV = 70.0000},
	{CFrame.new(1.041824,1.086029,-2.026077,-0.853349,-0.168498,0.493360,0.045070,0.918943,0.391806,-0.519388,0.356583,-0.776585), FOV = 70.0000},
	{CFrame.new(1.041824,1.080444,-2.044533,-0.856111,-0.167104,0.489030,0.044598,0.918861,0.392053,-0.514864,0.357451,-0.779195), FOV = 70.0000},
	{CFrame.new(1.041824,1.077942,-2.052811,-0.857341,-0.166478,0.487085,0.044385,0.918824,0.392163,-0.512832,0.357837,-0.780357), FOV = 70.0000},
	{CFrame.new(1.041817,1.073456,-2.067657,-0.859536,-0.165351,0.483587,0.044003,0.918759,0.392360,-0.509176,0.358527,-0.782430), FOV = 70.0000},
	{CFrame.new(1.041817,1.071442,-2.074310,-0.860515,-0.164845,0.482016,0.043832,0.918729,0.392448,-0.507536,0.358835,-0.783355), FOV = 70.0000},
	{CFrame.new(1.041809,1.067841,-2.086258,-0.862264,-0.163936,0.479193,0.043524,0.918677,0.392604,-0.504585,0.359385,-0.785008), FOV = 70.0000},
	{CFrame.new(1.041809,1.066223,-2.091606,-0.863045,-0.163528,0.477926,0.043385,0.918654,0.392674,-0.503261,0.359630,-0.785745), FOV = 70.0000},
	{CFrame.new(1.041809,1.063324,-2.101219,-0.864440,-0.162794,0.475648,0.043137,0.918612,0.392799,-0.500882,0.360069,-0.787063), FOV = 70.0000},
	{CFrame.new(1.041809,1.062012,-2.105515,-0.865064,-0.162465,0.474627,0.043025,0.918594,0.392854,-0.499814,0.360265,-0.787652), FOV = 70.0000},
	{CFrame.new(1.041801,1.059662,-2.113251,-0.866179,-0.161874,0.472791,0.042825,0.918560,0.392954,-0.497896,0.360616,-0.788705), FOV = 70.0000},
	{CFrame.new(1.041977,1.058380,-2.116753,-0.866684,-0.161534,0.471980,0.042774,0.918575,0.392925,-0.497020,0.360730,-0.789205), FOV = 70.0000},
	{CFrame.new(1.042946,1.055176,-2.123238,-0.867618,-0.160637,0.470570,0.042831,0.918716,0.392589,-0.495384,0.360772,-0.790214), FOV = 70.0000},
	{CFrame.new(1.044609,1.051270,-2.129074,-0.868457,-0.159502,0.469406,0.043067,0.918980,0.391945,-0.493891,0.360603,-0.791225), FOV = 70.0000},
	{CFrame.new(1.045708,1.049042,-2.131775,-0.868846,-0.158845,0.468908,0.043250,0.919157,0.391509,-0.493189,0.360442,-0.791736), FOV = 70.0000},
	{CFrame.new(1.048340,1.044128,-2.136810,-0.869572,-0.157379,0.468056,0.043730,0.919588,0.390444,-0.491866,0.359987,-0.792766), FOV = 70.0000},
	{CFrame.new(1.049873,1.041443,-2.139160,-0.869911,-0.156573,0.467696,0.044023,0.919838,0.389820,-0.491240,0.359698,-0.793285), FOV = 70.0000},
	{CFrame.new(1.051552,1.038605,-2.141418,-0.870237,-0.155712,0.467378,0.044353,0.920115,0.389129,-0.490633,0.359364,-0.793812), FOV = 70.0000},
	{CFrame.new(1.055252,1.032593,-2.145638,-0.870848,-0.153879,0.466847,0.045098,0.920721,0.387606,-0.489480,0.358600,-0.794868), FOV = 70.0000},
	{CFrame.new(1.083801,0.987366,-2.174011,-0.874889,-0.140022,0.463641,0.051031,0.925317,0.375745,-0.481628,0.352396,-0.802404), FOV = 70.0000},
	{CFrame.new(1.088745,0.980621,-2.175339,-0.875082,-0.137893,0.463914,0.052149,0.926106,0.373641,-0.481156,0.351159,-0.803228), FOV = 70.0000},
	{CFrame.new(1.094231,0.977295,-2.177277,-0.875040,-0.137679,0.464058,0.051763,0.926585,0.372508,-0.481276,0.349980,-0.803671), FOV = 70.0000},
	{CFrame.new(1.100250,0.977386,-2.179832,-0.874760,-0.139381,0.464078,0.049873,0.926753,0.372348,-0.481984,0.348859,-0.803734), FOV = 70.0000},
	{CFrame.new(1.106285,0.977448,-2.182388,-0.874477,-0.141083,0.464096,0.047981,0.926917,0.372187,-0.482687,0.347737,-0.803798), FOV = 70.0000},
	{CFrame.new(1.112305,0.977539,-2.184944,-0.874193,-0.142784,0.464112,0.046089,0.927077,0.372027,-0.483387,0.346614,-0.803863), FOV = 70.0000},
	{CFrame.new(1.118340,0.977631,-2.187492,-0.873906,-0.144484,0.464126,0.044195,0.927233,0.371867,-0.484083,0.345489,-0.803929), FOV = 70.0000},
	{CFrame.new(1.124359,0.977722,-2.190048,-0.873616,-0.146184,0.464138,0.042300,0.927386,0.371707,-0.484773,0.344362,-0.803996), FOV = 70.0000},
	{CFrame.new(1.131897,0.977814,-2.193245,-0.873251,-0.148308,0.464152,0.039930,0.927571,0.371507,-0.485631,0.342953,-0.804081), FOV = 70.0000},
	{CFrame.new(1.137917,0.977905,-2.195808,-0.872957,-0.150006,0.464160,0.038033,0.927715,0.371347,-0.486313,0.341823,-0.804150), FOV = 70.0000},
	{CFrame.new(1.142433,0.977966,-2.197723,-0.872734,-0.151280,0.464166,0.036610,0.927820,0.371227,-0.486821,0.340975,-0.804202), FOV = 70.0000},
	{CFrame.new(1.149971,0.978058,-2.200912,-0.872360,-0.153401,0.464172,0.034235,0.927991,0.371027,-0.487663,0.339561,-0.804290), FOV = 70.0000},
	{CFrame.new(1.156006,0.978149,-2.203468,-0.872058,-0.155098,0.464175,0.032335,0.928123,0.370868,-0.488332,0.338427,-0.804362), FOV = 70.0000},
	{CFrame.new(1.162025,0.978241,-2.206024,-0.871754,-0.156793,0.464177,0.030434,0.928251,0.370708,-0.488997,0.337293,-0.804435), FOV = 70.0000},
	{CFrame.new(1.168068,0.978302,-2.208580,-0.871448,-0.158488,0.464177,0.028531,0.928375,0.370548,-0.489658,0.336157,-0.804508), FOV = 70.0000},
	{CFrame.new(1.174080,0.978394,-2.211136,-0.871139,-0.160183,0.464175,0.026627,0.928495,0.370389,-0.490314,0.335020,-0.804583), FOV = 70.0000},
	{CFrame.new(1.172623,0.973175,-2.228020,-0.871041,-0.158997,0.464766,0.026159,0.929808,0.367115,-0.490514,0.331930,-0.805741), FOV = 70.0000},
	{CFrame.new(1.168663,0.966187,-2.249695,-0.871018,-0.156847,0.465539,0.026168,0.931501,0.362797,-0.490553,0.328185,-0.807250), FOV = 70.0000},
	{CFrame.new(1.164719,0.959167,-2.271362,-0.871001,-0.154692,0.466290,0.026173,0.933174,0.358471,-0.490583,0.324433,-0.808747), FOV = 70.0000},
	{CFrame.new(1.160744,0.952179,-2.293045,-0.870991,-0.152531,0.467021,0.026177,0.934827,0.354138,-0.490601,0.320676,-0.810233), FOV = 70.0000},
	{CFrame.new(1.157784,0.946930,-2.309288,-0.870987,-0.150907,0.467556,0.026178,0.936053,0.350883,-0.490608,0.317854,-0.811340), FOV = 70.0000},
	{CFrame.new(1.152824,0.938202,-2.336388,-0.870988,-0.148193,0.468422,0.026178,0.938072,0.345449,-0.490607,0.313144,-0.813170), FOV = 70.0000},
	{CFrame.new(1.149857,0.932953,-2.352638,-0.870993,-0.146561,0.468925,0.026176,0.939268,0.342184,-0.490597,0.310314,-0.814260), FOV = 70.0000},
	{CFrame.new(1.145905,0.925964,-2.374306,-0.871005,-0.144381,0.469580,0.026171,0.940845,0.337824,-0.490577,0.306536,-0.815702), FOV = 70.0000},
	{CFrame.new(1.141945,0.918945,-2.395981,-0.871023,-0.142196,0.470212,0.026165,0.942402,0.333457,-0.490545,0.302752,-0.817133), FOV = 70.0000},
	{CFrame.new(1.137985,0.911957,-2.417648,-0.871047,-0.140006,0.470825,0.026157,0.943939,0.329084,-0.490503,0.298963,-0.818552), FOV = 70.0000},
	{CFrame.new(1.158623,0.932861,-2.465256,-0.870942,-0.140802,0.470780,0.025165,0.944030,0.328899,-0.490740,0.298300,-0.818652), FOV = 70.0000},
	{CFrame.new(1.203835,0.981659,-2.538788,-0.870704,-0.144585,0.470074,0.023192,0.942675,0.332905,-0.491260,0.300764,-0.817438), FOV = 70.0000},
	{CFrame.new(1.249054,1.030457,-2.612320,-0.870464,-0.148362,0.469341,0.021218,0.941299,0.336905,-0.491774,0.303223,-0.816219), FOV = 70.0000},
	{CFrame.new(1.294273,1.079254,-2.685860,-0.870223,-0.152135,0.468580,0.019245,0.939902,0.340901,-0.492282,0.305677,-0.814997), FOV = 70.0000},
	{CFrame.new(1.339485,1.128052,-2.759392,-0.869980,-0.155902,0.467793,0.017272,0.938484,0.344891,-0.492785,0.308127,-0.813769), FOV = 70.0000},
	{CFrame.new(1.384712,1.176849,-2.832924,-0.869735,-0.159663,0.466978,0.015298,0.937044,0.348875,-0.493282,0.310573,-0.812538), FOV = 70.0000},
	{CFrame.new(1.441223,1.237854,-2.924850,-0.869427,-0.164357,0.465923,0.012832,0.935215,0.353847,-0.493895,0.313622,-0.810992), FOV = 70.0000},
	{CFrame.new(1.475136,1.274445,-2.980003,-0.869241,-0.167169,0.465269,0.011352,0.934102,0.356826,-0.494259,0.315449,-0.810062), FOV = 70.0000},
	{CFrame.new(1.531662,1.335419,-3.071922,-0.868928,-0.171848,0.464146,0.008885,0.932220,0.361783,-0.494858,0.318487,-0.808506), FOV = 70.0000},
	{CFrame.new(1.576881,1.384216,-3.145454,-0.868677,-0.175584,0.463218,0.006912,0.930691,0.365741,-0.495331,0.320913,-0.807256), FOV = 70.0000},
	{CFrame.new(1.610794,1.420837,-3.200607,-0.868487,-0.178381,0.462504,0.005432,0.929530,0.368706,-0.495682,0.322728,-0.806316), FOV = 70.0000},
	{CFrame.new(1.667313,1.481812,-3.292526,-0.868169,-0.183036,0.461281,0.002965,0.927569,0.373639,-0.496260,0.325749,-0.804744), FOV = 70.0000},
	{CFrame.new(1.712532,1.530609,-3.366058,-0.867912,-0.186753,0.460273,0.000991,0.925977,0.377578,-0.496716,0.328161,-0.803482), FOV = 70.0000},
	{CFrame.new(1.746445,1.567230,-3.421219,-0.867719,-0.189536,0.459499,-0.000489,0.924770,0.380528,-0.497055,0.329966,-0.802533), FOV = 70.0000},
	{CFrame.new(1.790619,1.624481,-3.481369,-0.866884,-0.195546,0.458557,-0.003916,0.922498,0.385983,-0.498495,0.332807,-0.800464), FOV = 70.0000},
	{CFrame.new(1.844551,1.706604,-3.539810,-0.865094,-0.205921,0.457394,-0.010008,0.918756,0.394699,-0.501511,0.336874,-0.796871), FOV = 70.0000},
	{CFrame.new(1.876915,1.755859,-3.574890,-0.864003,-0.212133,0.456616,-0.013657,0.916449,0.399919,-0.503301,0.339295,-0.794712), FOV = 70.0000},
	{CFrame.new(1.913162,1.805420,-3.614754,-0.862780,-0.218911,0.455729,-0.017629,0.913877,0.405609,-0.505272,0.341917,-0.792334), FOV = 70.0000},
	{CFrame.new(1.932739,1.827667,-3.636734,-0.862124,-0.222431,0.455266,-0.019684,0.912519,0.408559,-0.506315,0.343268,-0.791083), FOV = 70.0000},
	{CFrame.new(1.952309,1.849915,-3.658722,-0.861464,-0.225948,0.454783,-0.021737,0.911147,0.411508,-0.507354,0.344613,-0.789831), FOV = 70.0000},
	{CFrame.new(1.966988,1.866608,-3.675217,-0.860966,-0.228583,0.454408,-0.023275,0.910108,0.413717,-0.508130,0.345619,-0.788893), FOV = 70.0000},
	{CFrame.new(1.981903,1.883575,-3.691963,-0.860453,-0.231258,0.454026,-0.024834,0.909045,0.415958,-0.508924,0.346637,-0.787934), FOV = 70.0000},
	{CFrame.new(1.992149,1.895233,-3.703468,-0.860093,-0.233096,0.453768,-0.025901,0.908310,0.417495,-0.509479,0.347331,-0.787269), FOV = 70.0000},
	{CFrame.new(2.002403,1.906860,-3.714981,-0.859732,-0.234933,0.453505,-0.026968,0.907571,0.419031,-0.510033,0.348025,-0.786604), FOV = 70.0000},
	{CFrame.new(2.012642,1.918518,-3.726486,-0.859370,-0.236768,0.453237,-0.028034,0.906828,0.420567,-0.510585,0.348717,-0.785939), FOV = 70.0000},
	{CFrame.new(2.022888,1.930176,-3.737999,-0.859007,-0.238603,0.452964,-0.029099,0.906081,0.422102,-0.511137,0.349407,-0.785273), FOV = 70.0000},
	{CFrame.new(2.033127,1.941803,-3.749504,-0.858643,-0.240436,0.452685,-0.030165,0.905330,0.423636,-0.511687,0.350097,-0.784608), FOV = 70.0000},
	{CFrame.new(2.043381,1.953461,-3.761009,-0.858277,-0.242269,0.452401,-0.031229,0.904575,0.425169,-0.512235,0.350785,-0.783942), FOV = 70.0000},
	{CFrame.new(2.053635,1.965118,-3.772514,-0.857910,-0.244100,0.452112,-0.032293,0.903816,0.426702,-0.512783,0.351472,-0.783276), FOV = 70.0000},
	{CFrame.new(2.066437,1.979675,-3.786903,-0.857451,-0.246388,0.451742,-0.033623,0.902861,0.428616,-0.513465,0.352329,-0.782443), FOV = 70.0000},
	{CFrame.new(2.070450,1.984253,-3.791405,-0.857306,-0.247104,0.451626,-0.034039,0.902561,0.429215,-0.513681,0.352596,-0.782182), FOV = 70.0000},
	{CFrame.new(2.073349,1.987549,-3.794662,-0.857200,-0.247622,0.451544,-0.034339,0.902344,0.429648,-0.513838,0.352789,-0.781991), FOV = 70.0000},
	{CFrame.new(2.076973,1.991669,-3.798737,-0.857067,-0.248269,0.451440,-0.034713,0.902071,0.430189,-0.514034,0.353030,-0.781754), FOV = 70.0000},
	{CFrame.new(2.079865,1.994965,-3.801994,-0.856961,-0.248786,0.451357,-0.035013,0.901853,0.430621,-0.514191,0.353222,-0.781564), FOV = 70.0000},
	{CFrame.new(2.082771,1.998260,-3.805252,-0.856854,-0.249304,0.451274,-0.035313,0.901635,0.431054,-0.514348,0.353415,-0.781374), FOV = 70.0000},
	{CFrame.new(2.085670,2.001556,-3.808510,-0.856748,-0.249821,0.451190,-0.035612,0.901416,0.431486,-0.514505,0.353607,-0.781183), FOV = 70.0000},
	{CFrame.new(2.087715,2.003906,-3.810844,-0.856672,-0.250190,0.451130,-0.035826,0.901260,0.431794,-0.514616,0.353744,-0.781048), FOV = 70.0000},
	{CFrame.new(2.089027,2.005432,-3.812370,-0.856622,-0.250430,0.451092,-0.035964,0.901159,0.431994,-0.514689,0.353833,-0.780959), FOV = 70.0000},
	{CFrame.new(2.091225,2.007965,-3.814903,-0.856539,-0.250829,0.451027,-0.036195,0.900990,0.432328,-0.514811,0.353981,-0.780812), FOV = 70.0000},
	{CFrame.new(2.092972,2.010010,-3.816940,-0.856473,-0.251148,0.450975,-0.036380,0.900855,0.432594,-0.514908,0.354099,-0.780694), FOV = 70.0000},
	{CFrame.new(2.094299,2.011536,-3.818466,-0.856424,-0.251387,0.450936,-0.036518,0.900753,0.432794,-0.514981,0.354188,-0.780606), FOV = 70.0000},
	{CFrame.new(2.096046,2.013550,-3.820496,-0.856357,-0.251706,0.450884,-0.036703,0.900617,0.433061,-0.515078,0.354306,-0.780488), FOV = 70.0000},
	{CFrame.new(2.097221,2.014923,-3.821861,-0.856313,-0.251921,0.450848,-0.036827,0.900526,0.433240,-0.515143,0.354386,-0.780409), FOV = 70.0000},
	{CFrame.new(2.097832,2.015625,-3.822563,-0.856290,-0.252031,0.450830,-0.036891,0.900479,0.433333,-0.515176,0.354427,-0.780369), FOV = 70.0000},
	{CFrame.new(2.098434,2.016327,-3.823273,-0.856267,-0.252142,0.450812,-0.036955,0.900431,0.433425,-0.515210,0.354468,-0.780328), FOV = 70.0000},
	{CFrame.new(2.099037,2.017029,-3.823975,-0.856244,-0.252252,0.450794,-0.037019,0.900384,0.433517,-0.515244,0.354508,-0.780287), FOV = 70.0000},
	{CFrame.new(2.099655,2.017731,-3.824677,-0.856221,-0.252363,0.450776,-0.037083,0.900338,0.433609,-0.515278,0.354549,-0.780246), FOV = 70.0000},
	{CFrame.new(2.100258,2.018433,-3.825378,-0.856198,-0.252473,0.450758,-0.037147,0.900290,0.433702,-0.515311,0.354590,-0.780205), FOV = 70.0000},
	{CFrame.new(2.100861,2.019135,-3.826080,-0.856175,-0.252584,0.450740,-0.037211,0.900243,0.433794,-0.515345,0.354631,-0.780164), FOV = 70.0000},
	{CFrame.new(2.101479,2.019867,-3.826782,-0.856152,-0.252694,0.450722,-0.037274,0.900196,0.433886,-0.515378,0.354672,-0.780124), FOV = 70.0000},
	{CFrame.new(2.102081,2.020569,-3.827492,-0.856129,-0.252805,0.450703,-0.037338,0.900149,0.433978,-0.515412,0.354713,-0.780083), FOV = 70.0000},
	{CFrame.new(2.102684,2.021271,-3.828194,-0.856106,-0.252915,0.450685,-0.037402,0.900102,0.434071,-0.515446,0.354754,-0.780042), FOV = 70.0000},
	{CFrame.new(2.103302,2.021973,-3.828896,-0.856082,-0.253025,0.450667,-0.037466,0.900055,0.434163,-0.515479,0.354795,-0.780001), FOV = 70.0000},
	{CFrame.new(2.103897,2.022675,-3.829597,-0.856059,-0.253136,0.450649,-0.037530,0.900008,0.434255,-0.515513,0.354835,-0.779960), FOV = 70.0000},
	{CFrame.new(2.104660,2.023560,-3.830475,-0.856031,-0.253274,0.450626,-0.037610,0.899949,0.434370,-0.515555,0.354887,-0.779910), FOV = 70.0000},
	{CFrame.new(2.104805,2.023712,-3.830658,-0.856025,-0.253301,0.450621,-0.037626,0.899937,0.434393,-0.515563,0.354897,-0.779899), FOV = 70.0000},
	{CFrame.new(2.104805,2.023712,-3.830658,-0.856025,-0.253301,0.450621,-0.037626,0.899937,0.434393,-0.515563,0.354897,-0.779899), FOV = 70.0000},
	{CFrame.new(2.104805,2.023712,-3.830658,-0.856025,-0.253301,0.450621,-0.037626,0.899937,0.434393,-0.515563,0.354897,-0.779899), FOV = 70.0000},
	{CFrame.new(2.104805,2.023712,-3.830658,-0.856025,-0.253301,0.450621,-0.037626,0.899937,0.434393,-0.515563,0.354897,-0.779899), FOV = 70.0000},
	{CFrame.new(2.104805,2.023712,-3.830658,-0.856025,-0.253301,0.450621,-0.037626,0.899937,0.434393,-0.515563,0.354897,-0.779899), FOV = 70.0000},
	{CFrame.new(2.104805,2.023712,-3.830658,-0.856025,-0.253301,0.450621,-0.037626,0.899937,0.434393,-0.515563,0.354897,-0.779899), FOV = 70.0000},
	{CFrame.new(2.104805,2.023712,-3.830658,-0.856025,-0.253301,0.450621,-0.037626,0.899937,0.434393,-0.515563,0.354897,-0.779899), FOV = 70.0000},
	{CFrame.new(2.104805,2.023712,-3.830658,-0.856025,-0.253301,0.450621,-0.037626,0.899937,0.434393,-0.515563,0.354897,-0.779899), FOV = 70.0000},
	{CFrame.new(2.104805,2.023712,-3.830658,-0.856025,-0.253302,0.450621,-0.037626,0.899937,0.434393,-0.515563,0.354897,-0.779899), FOV = 70.0000},
	{CFrame.new(2.104805,2.023712,-3.830658,-0.856025,-0.253301,0.450621,-0.037625,0.899937,0.434393,-0.515563,0.354897,-0.779899), FOV = 70.0000},
	{CFrame.new(2.104805,2.023712,-3.830658,-0.856025,-0.253301,0.450621,-0.037625,0.899937,0.434393,-0.515563,0.354897,-0.779899), FOV = 70.0000},
	{CFrame.new(2.108490,2.023712,-3.830658,-0.857496,-0.251833,0.448642,-0.036207,0.899389,0.435646,-0.513214,0.357321,-0.780341), FOV = 70.0000},
	{CFrame.new(2.113411,2.023712,-3.830650,-0.859448,-0.249868,0.445999,-0.034325,0.898652,0.437318,-0.510069,0.360543,-0.780921), FOV = 70.0000},
	{CFrame.new(2.117088,2.023712,-3.830650,-0.860905,-0.248387,0.444012,-0.032923,0.898093,0.438572,-0.507700,0.362950,-0.781350), FOV = 70.0000},
	{CFrame.new(2.122009,2.023712,-3.830658,-0.862838,-0.246403,0.441358,-0.031063,0.897340,0.440245,-0.504526,0.366150,-0.781913), FOV = 70.0000},
	{CFrame.new(2.126923,2.023712,-3.830650,-0.864759,-0.244410,0.438697,-0.029216,0.896579,0.441918,-0.501336,0.369336,-0.782466), FOV = 70.0000},
	{CFrame.new(2.131821,2.023712,-3.830658,-0.866670,-0.242407,0.436030,-0.027381,0.895810,0.443593,-0.498130,0.372510,-0.783009), FOV = 70.0000},
	{CFrame.new(2.136742,2.023712,-3.830658,-0.868569,-0.240393,0.433357,-0.025559,0.895032,0.445268,-0.494908,0.375670,-0.783542), FOV = 70.0000},
	{CFrame.new(2.141647,2.023712,-3.830658,-0.870457,-0.238370,0.430678,-0.023749,0.894246,0.446944,-0.491670,0.378818,-0.784065), FOV = 70.0000},
	{CFrame.new(2.146561,2.023712,-3.830650,-0.872334,-0.236337,0.427993,-0.021952,0.893452,0.448621,-0.488417,0.381952,-0.784577), FOV = 70.0000},
	{CFrame.new(2.152710,2.023712,-3.830650,-0.874664,-0.233782,0.424627,-0.019723,0.892449,0.450718,-0.484328,0.385852,-0.785204), FOV = 70.0000},
	{CFrame.new(2.156395,2.023712,-3.830650,-0.876054,-0.232241,0.422604,-0.018395,0.891840,0.451977,-0.481862,0.388182,-0.785572), FOV = 70.0000},
	{CFrame.new(2.161293,2.023712,-3.830658,-0.877896,-0.230179,0.419900,-0.016636,0.891022,0.453655,-0.478562,0.391277,-0.786054), FOV = 70.0000},
	{CFrame.new(2.170296,2.023712,-3.830658,-0.881203,-0.226344,0.415029,-0.013337,0.889480,0.456778,-0.472550,0.396979,-0.786832), FOV = 70.0000},
	{CFrame.new(2.186668,2.023712,-3.830650,-0.887091,-0.219269,0.406191,-0.007376,0.886593,0.462491,-0.461537,0.407275,-0.788106), FOV = 70.0000},
	{CFrame.new(2.199768,2.023712,-3.830650,-0.891707,-0.213534,0.399076,-0.002711,0.884219,0.467064,-0.452604,0.415403,-0.789044), FOV = 70.0000},
	{CFrame.new(2.212875,2.023712,-3.830643,-0.896240,-0.207732,0.391919,0.001861,0.881790,0.471639,-0.443565,0.423431,-0.789909), FOV = 70.0000},
	{CFrame.new(2.225975,2.023712,-3.830643,-0.900688,-0.201865,0.384722,0.006339,0.879306,0.476215,-0.434420,0.431360,-0.790701), FOV = 70.0000},
	{CFrame.new(2.235786,2.023712,-3.830650,-0.903968,-0.197421,0.379299,0.009636,0.877408,0.479647,-0.427492,0.437240,-0.791247), FOV = 70.0000},
	{CFrame.new(2.293922,2.023712,-3.830643,-0.921896,-0.170060,0.348121,0.029386,0.865239,0.500497,-0.386322,0.471636,-0.792663), FOV = 70.0000},
	{CFrame.new(2.345497,2.023712,-3.830635,-0.936288,-0.144747,0.320019,0.045436,0.853562,0.519006,-0.348281,0.500480,-0.792603), FOV = 70.0000},
	{CFrame.new(2.441765,2.023712,-3.830627,-0.957953,-0.094204,0.271019,0.075555,0.828407,0.555007,-0.276798,0.552148,-0.786458), FOV = 70.0000},
	{CFrame.new(2.524277,2.023712,-3.830620,-0.971973,-0.048281,0.230082,0.098816,0.804129,0.586184,-0.213317,0.592491,-0.776821), FOV = 70.0000},
	{CFrame.new(2.586166,2.023712,-3.830620,-0.979973,-0.012710,0.198723,0.113345,0.784917,0.609145,-0.163723,0.619470,-0.767758), FOV = 70.0000},
	{CFrame.new(2.689308,2.023712,-3.830605,-0.988191,0.048382,0.145391,0.131897,0.751523,0.646387,-0.077991,0.657930,-0.749029), FOV = 70.0000},
	{CFrame.new(2.751213,2.023712,-3.830597,-0.989889,0.085918,0.112862,0.139605,0.730956,0.667992,-0.025104,0.676994,-0.735560), FOV = 70.0000},
	{CFrame.new(2.792465,2.023712,-3.830597,-0.987286,0.149890,0.052906,0.145518,0.718377,0.680264,0.063959,0.679314,-0.731055), FOV = 70.0000},
	{CFrame.new(2.792465,2.023712,-3.830597,-0.973702,0.226800,-0.021580,0.152843,0.720546,0.676353,0.168946,0.655268,-0.736261), FOV = 70.0000},
	{CFrame.new(2.792465,2.023712,-3.830597,-0.948495,0.302585,-0.093804,0.163809,0.721909,0.672320,0.271152,0.622326,-0.734293), FOV = 70.0000},
	{CFrame.new(2.792465,2.023712,-3.830597,-0.912084,0.376228,-0.162957,0.178384,0.722004,0.668498,0.369163,0.580658,-0.725641), FOV = 70.0000},
	{CFrame.new(2.792465,2.023712,-3.830597,-0.865040,0.446739,-0.228318,0.196446,0.720358,0.665202,0.461643,0.530575,-0.710899), FOV = 70.0000},
	{CFrame.new(2.792465,2.023712,-3.830597,-0.808071,0.513176,-0.289261,0.217793,0.716500,0.662717,0.547346,0.472523,-0.690749), FOV = 70.0000},
	{CFrame.new(2.792465,2.023712,-3.830597,-0.742003,0.574653,-0.345260,0.242140,0.709971,0.661293,0.625139,0.407080,-0.665948), FOV = 70.0000},
	{CFrame.new(2.792465,2.023712,-3.830597,-0.667769,0.630356,-0.395898,0.269129,0.700333,0.661138,0.694013,0.334940,-0.637308), FOV = 70.0000},
	{CFrame.new(0.877144,3.463226,-5.865570,-0.751155,0.489497,0.442898,0.628774,0.734855,0.254228,-0.201022,0.469448,-0.859773), FOV = 70.0000},
	{CFrame.new(-1.179909,4.913391,-7.902206,-0.154384,0.379492,0.912223,0.394964,0.870015,-0.295090,-0.905632,0.314738,-0.284202), FOV = 70.0000},
	{CFrame.new(-1.462639,4.934052,-7.904739,-0.275499,0.326580,0.904127,0.390932,0.897302,-0.204992,-0.878221,0.296977,-0.374876), FOV = 70.0000},
	{CFrame.new(-1.745377,4.954712,-7.907265,-0.393868,0.273522,0.877527,0.377141,0.918725,-0.117087,-0.838232,0.284835,-0.465012), FOV = 70.0000},
	{CFrame.new(-2.098793,4.980560,-7.910423,-0.534496,0.208773,0.818980,0.346983,0.937787,-0.012605,-0.770660,0.277435,-0.573684), FOV = 70.0000},
	{CFrame.new(-2.310844,4.996063,-7.912323,-0.613302,0.171584,0.770986,0.322528,0.945434,0.046156,-0.720996,0.276972,-0.635177), FOV = 70.0000},
	{CFrame.new(-2.593575,5.016754,-7.914848,-0.710028,0.124807,0.693025,0.283262,0.951652,0.118828,-0.644688,0.280679,-0.711053), FOV = 70.0000},
	{CFrame.new(-2.946991,5.042572,-7.918007,-0.814774,0.072075,0.575281,0.224912,0.953833,0.199041,-0.534376,0.291561,-0.793369), FOV = 70.0000},
	{CFrame.new(-3.085228,5.022430,-7.903824,-0.849891,0.064038,0.523053,0.209418,0.951886,0.223736,-0.483559,0.299687,-0.822410), FOV = 70.0000},
	{CFrame.new(-3.152771,4.997101,-7.888992,-0.865656,0.065888,0.496285,0.206334,0.950149,0.233759,-0.456142,0.304755,-0.836097), FOV = 70.0000},
	{CFrame.new(-3.265335,4.954926,-7.864281,-0.890026,0.069450,0.450590,0.200495,0.947254,0.250024,-0.409458,0.312869,-0.857005), FOV = 70.0000},
	{CFrame.new(-3.332878,4.929596,-7.849457,-0.903477,0.071865,0.422569,0.196584,0.945522,0.259505,-0.380899,0.317527,-0.868385), FOV = 70.0000},
	{CFrame.new(-3.422928,4.895844,-7.829689,-0.920014,0.075395,0.384564,0.190910,0.943227,0.271803,-0.342239,0.323480,-0.882175), FOV = 70.0000},
	{CFrame.new(-3.512978,4.862061,-7.809921,-0.934921,0.079265,0.345889,0.184732,0.940954,0.283689,-0.302979,0.329123,-0.894361), FOV = 70.0000},
	{CFrame.new(-3.603027,4.828308,-7.790146,-0.948168,0.083459,0.306613,0.178068,0.938713,0.295144,-0.263189,0.334444,-0.904919), FOV = 70.0000},
	{CFrame.new(-3.693085,4.794556,-7.770378,-0.959727,0.087958,0.266811,0.170942,0.936510,0.306151,-0.222942,0.339430,-0.913829), FOV = 70.0000},
	{CFrame.new(-3.783134,4.760773,-7.750618,-0.969572,0.092746,0.226556,0.163377,0.934353,0.316692,-0.182311,0.344069,-0.921075), FOV = 70.0000},
	{CFrame.new(-3.873184,4.727020,-7.730843,-0.977684,0.097803,0.185924,0.155395,0.932248,0.326750,-0.141370,0.348350,-0.926643), FOV = 70.0000},
	{CFrame.new(-3.938293,4.695343,-7.700157,-0.982870,0.104175,0.152033,0.150267,0.930590,0.333801,-0.106706,0.350929,-0.930302), FOV = 70.0000},
	{CFrame.new(-3.978455,4.665741,-7.658554,-0.985836,0.111731,0.125072,0.148234,0.929326,0.338201,-0.078446,0.351950,-0.932726), FOV = 70.0000},
	{CFrame.new(-4.018616,4.636139,-7.616943,-0.987995,0.119359,0.098074,0.146124,0.928055,0.342579,-0.050128,0.352798,-0.934356), FOV = 70.0000},
	{CFrame.new(-4.058777,4.606537,-7.575340,-0.989347,0.127055,0.071063,0.143939,0.926778,0.346936,-0.021780,0.353469,-0.935193), FOV = 70.0000},
	{CFrame.new(-4.098946,4.576935,-7.533745,-0.989891,0.134814,0.044061,0.141679,0.925493,0.351270,0.006578,0.353961,-0.935237), FOV = 70.0000},
	{CFrame.new(-4.139099,4.547363,-7.492134,-0.989626,0.142680,0.016831,0.139295,0.924201,0.355598,0.035182,0.354253,-0.934488), FOV = 70.0000},
	{CFrame.new(-4.179260,4.517761,-7.450531,-0.988550,0.150556,-0.010097,0.136882,0.922902,0.359881,0.063500,0.354379,-0.932943), FOV = 70.0000},
	{CFrame.new(-4.219421,4.488159,-7.408928,-0.986669,0.158485,-0.036966,0.134390,0.921597,0.364140,0.091778,0.354318,-0.930610), FOV = 70.0000},
	{CFrame.new(-4.259575,4.458557,-7.367325,-0.983985,0.166464,-0.063752,0.131821,0.920286,0.368371,0.119990,0.354068,-0.927490), FOV = 70.0000},
	{CFrame.new(-4.299736,4.428955,-7.325722,-0.980498,0.174487,-0.090433,0.129174,0.918968,0.372574,0.148114,0.353627,-0.923586), FOV = 70.0000},
	{CFrame.new(-4.349937,4.391937,-7.273712,-0.975017,0.184570,-0.123597,0.125757,0.917313,0.377786,0.183105,0.352805,-0.917606), FOV = 70.0000},
	{CFrame.new(-4.380066,4.369751,-7.242516,-0.971132,0.190646,-0.143378,0.123650,0.916315,0.380890,0.203995,0.352166,-0.913436), FOV = 70.0000},
	{CFrame.new(-4.430260,4.332764,-7.190506,-0.963669,0.200808,-0.176122,0.120042,0.914646,0.386022,0.238606,0.350855,-0.905521), FOV = 70.0000},
	{CFrame.new(-4.438751,4.309723,-7.143921,-0.959120,0.208530,-0.191321,0.121457,0.913936,0.387259,0.255611,0.348190,-0.901902), FOV = 70.0000},
	{CFrame.new(-4.435623,4.278503,-7.071541,-0.952966,0.219884,-0.208584,0.125825,0.913138,0.387745,0.275725,0.343263,-0.897856), FOV = 70.0000},
	{CFrame.new(-4.431717,4.239441,-6.981064,-0.944644,0.234037,-0.229944,0.131404,0.912049,0.388458,0.300634,0.336739,-0.892315), FOV = 70.0000},
	{CFrame.new(-4.428596,4.208221,-6.908684,-0.937489,0.245321,-0.246845,0.135960,0.911101,0.389114,0.320358,0.331229,-0.887501), FOV = 70.0000},
	{CFrame.new(-4.425468,4.176971,-6.836304,-0.929895,0.256563,-0.263573,0.140597,0.910083,0.389848,0.339894,0.325460,-0.882354), FOV = 70.0000},
	{CFrame.new(-4.404167,4.144287,-6.763657,-0.924812,0.263684,-0.274214,0.143417,0.909285,0.390682,0.352355,0.321980,-0.878735), FOV = 70.0000},
	{CFrame.new(-4.383659,4.119446,-6.709091,-0.921630,0.267995,-0.280670,0.145073,0.908743,0.391332,0.359932,0.319946,-0.876404), FOV = 70.0000},
	{CFrame.new(-4.356293,4.086273,-6.636353,-0.917286,0.273735,-0.289232,0.147293,0.908003,0.392219,0.369988,0.317175,-0.873218), FOV = 70.0000},
	{CFrame.new(-4.322098,4.044830,-6.545425,-0.911693,0.280895,-0.299857,0.150089,0.907051,0.393359,0.382478,0.313618,-0.869111), FOV = 70.0000},
	{CFrame.new(-4.294731,4.011688,-6.472679,-0.907088,0.286611,-0.308294,0.152341,0.906268,0.394298,0.392407,0.310697,-0.865728), FOV = 70.0000},
	{CFrame.new(-4.274216,3.986816,-6.418129,-0.903560,0.290889,-0.314585,0.154038,0.905668,0.395017,0.399815,0.308463,-0.863133), FOV = 70.0000},
	{CFrame.new(-4.246857,3.953674,-6.345383,-0.898755,0.296582,-0.322921,0.156313,0.904850,0.395995,0.409641,0.305426,-0.859598), FOV = 70.0000},
	{CFrame.new(-4.219498,3.920502,-6.272644,-0.893837,0.302261,-0.331199,0.158600,0.904013,0.396998,0.419405,0.302323,-0.855979), FOV = 70.0000},
	{CFrame.new(-4.192139,3.887360,-6.199905,-0.888807,0.307926,-0.339416,0.160900,0.903155,0.398024,0.429107,0.299154,-0.852276), FOV = 70.0000},
	{CFrame.new(-4.164772,3.854218,-6.127159,-0.883665,0.313576,-0.347573,0.163212,0.902276,0.399074,0.438747,0.295920,-0.848489), FOV = 70.0000},
	{CFrame.new(-4.137413,3.821045,-6.054420,-0.878411,0.319209,-0.355668,0.165535,0.901377,0.400148,0.448321,0.292619,-0.844620), FOV = 70.0000},
	{CFrame.new(-4.110046,3.787903,-5.981674,-0.873047,0.324825,-0.363699,0.167869,0.900456,0.401246,0.457830,0.289253,-0.840669), FOV = 70.0000},
	{CFrame.new(-4.056175,3.740265,-5.879608,-0.868640,0.329533,-0.369962,0.169724,0.899469,0.402679,0.465465,0.286991,-0.837244), FOV = 70.0000},
	{CFrame.new(-4.015968,3.709167,-5.813911,-0.866947,0.331440,-0.372224,0.170406,0.898946,0.403556,0.468364,0.286432,-0.835818), FOV = 70.0000},
	{CFrame.new(-3.948967,3.657410,-5.704414,-0.864102,0.334617,-0.375978,0.171541,0.898070,0.405024,0.473182,0.285486,-0.833424), FOV = 70.0000},
	{CFrame.new(-3.895355,3.615967,-5.616814,-0.861806,0.337158,-0.378965,0.172447,0.897363,0.406204,0.477024,0.284717,-0.831495), FOV = 70.0000},
	{CFrame.new(-3.855156,3.584900,-5.551125,-0.860072,0.339064,-0.381197,0.173125,0.896830,0.407092,0.479899,0.284134,-0.830039), FOV = 70.0000},
	{CFrame.new(-3.764503,3.523010,-5.447227,-0.860038,0.340963,-0.379578,0.175165,0.896026,0.407988,0.479220,0.284396,-0.830341), FOV = 70.0000},
	{CFrame.new(-3.700638,3.481842,-5.387131,-0.861156,0.341587,-0.376470,0.176753,0.895580,0.408284,0.476623,0.285054,-0.831610), FOV = 70.0000},
	{CFrame.new(-3.594223,3.413177,-5.286972,-0.862997,0.342618,-0.371281,0.179399,0.894834,0.408763,0.472285,0.286154,-0.833704), FOV = 70.0000},
	{CFrame.new(-3.509079,3.358276,-5.206848,-0.864451,0.343434,-0.367121,0.181514,0.894238,0.409134,0.468804,0.287038,-0.835363), FOV = 70.0000},
	{CFrame.new(-3.423943,3.303375,-5.126724,-0.865888,0.344243,-0.362954,0.183629,0.893642,0.409494,0.465316,0.287927,-0.837006), FOV = 70.0000},
	{CFrame.new(-3.338791,3.248474,-5.046600,-0.867308,0.345043,-0.358779,0.185743,0.893045,0.409842,0.461819,0.288819,-0.838634), FOV = 70.0000},
	{CFrame.new(-3.253662,3.193542,-4.966469,-0.868711,0.345836,-0.354597,0.187856,0.892447,0.410180,0.458314,0.289714,-0.840246), FOV = 70.0000},
	{CFrame.new(-3.154137,3.133636,-4.896027,-0.872247,0.345483,-0.346161,0.190605,0.891972,0.409946,0.450395,0.291594,-0.843871), FOV = 70.0000},
	{CFrame.new(-3.075882,3.087463,-4.845604,-0.875376,0.344918,-0.338747,0.192822,0.891649,0.409610,0.443325,0.293245,-0.847036), FOV = 70.0000},
	{CFrame.new(-2.934090,3.005829,-4.766937,-0.881755,0.341170,-0.325748,0.193952,0.891716,0.408932,0.429990,0.297398,-0.852445), FOV = 70.0000},
	{CFrame.new(-2.814606,2.938019,-4.706871,-0.887389,0.336657,-0.314965,0.193503,0.892083,0.408342,0.418447,0.301412,-0.856769), FOV = 70.0000},
	{CFrame.new(-2.695091,2.870209,-4.646805,-0.892869,0.332111,-0.304117,0.193069,0.892445,0.407757,0.406828,0.305358,-0.860957), FOV = 70.0000},
	{CFrame.new(-2.605476,2.819366,-4.601753,-0.896878,0.328680,-0.295938,0.192753,0.892713,0.407320,0.398066,0.308274,-0.864008), FOV = 70.0000},
	{CFrame.new(-2.485970,2.751556,-4.541679,-0.902086,0.324079,-0.284979,0.192344,0.893065,0.406741,0.386321,0.312102,-0.867957), FOV = 70.0000},
	{CFrame.new(-2.366455,2.683746,-4.481613,-0.907139,0.319447,-0.273958,0.191950,0.893411,0.406166,0.374506,0.315862,-0.871766), FOV = 70.0000},
	{CFrame.new(-2.246948,2.615967,-4.421539,-0.912033,0.314786,-0.262880,0.191571,0.893753,0.405593,0.362625,0.319554,-0.875436), FOV = 70.0000},
	{CFrame.new(-2.127457,2.548157,-4.361473,-0.916769,0.310096,-0.251744,0.191206,0.894090,0.405023,0.350678,0.323178,-0.878966), FOV = 70.0000},
	{CFrame.new(-2.007950,2.480347,-4.301407,-0.921346,0.305379,-0.240553,0.190856,0.894421,0.404455,0.338668,0.326732,-0.882355), FOV = 70.0000},
	{CFrame.new(-1.891785,2.415253,-4.248085,-0.925961,0.299594,-0.229870,0.189285,0.894977,0.403964,0.326753,0.330544,-0.885423), FOV = 70.0000},
	{CFrame.new(-1.778931,2.352844,-4.201500,-0.930612,0.292743,-0.219689,0.186504,0.895740,0.403567,0.314926,0.334591,-0.888184), FOV = 70.0000},
	{CFrame.new(-1.666107,2.290466,-4.154915,-0.935099,0.285870,-0.209447,0.183753,0.896475,0.403196,0.303025,0.338541,-0.890823), FOV = 70.0000},
	{CFrame.new(-1.553268,2.228058,-4.108337,-0.939422,0.278974,-0.199145,0.181032,0.897184,0.402850,0.291054,0.342394,-0.893338), FOV = 70.0000},
	{CFrame.new(-1.412209,2.150085,-4.050110,-0.944594,0.270327,-0.186188,0.177675,0.898033,0.402452,0.275997,0.347073,-0.896307), FOV = 70.0000},
	{CFrame.new(-1.327591,2.103302,-4.015167,-0.947572,0.265125,-0.178372,0.175685,0.898523,0.402232,0.266914,0.349807,-0.897994), FOV = 70.0000},
	{CFrame.new(-1.186546,2.025299,-3.956947,-0.952326,0.256433,-0.165277,0.172408,0.899309,0.401896,0.251695,0.354241,-0.900646), FOV = 70.0000},
	{CFrame.new(-1.066299,1.960205,-3.915932,-0.956630,0.246918,-0.154569,0.167447,0.900277,0.401824,0.238372,0.358515,-0.902577), FOV = 70.0000},
	{CFrame.new(-0.836212,1.836456,-3.842514,-0.964507,0.227440,-0.134152,0.156828,0.902138,0.401936,0.212440,0.366631,-0.905788), FOV = 70.0000},
	{CFrame.new(-0.698158,1.762207,-3.798462,-0.968832,0.215729,-0.121759,0.150567,0.903135,0.402091,0.196707,0.371226,-0.907468), FOV = 70.0000},
	{CFrame.new(-0.468071,1.638458,-3.725044,-0.975365,0.196183,-0.100877,0.140322,0.904603,0.402496,0.170216,0.378425,-0.909847), FOV = 70.0000},
	{CFrame.new(-0.244438,1.533844,-3.643486,-0.981640,0.174855,-0.076211,0.130042,0.905811,0.403230,0.139539,0.385916,-0.911920), FOV = 70.0000},
	{CFrame.new(-0.007637,1.427368,-3.554337,-0.987239,0.151634,-0.048637,0.119364,0.906814,0.404277,0.105407,0.393313,-0.913342), FOV = 70.0000},
	{CFrame.new(0.229172,1.320923,-3.465179,-0.991499,0.128447,-0.020757,0.109081,0.907542,0.405547,0.070929,0.399835,-0.913838), FOV = 70.0000},
	{CFrame.new(0.406776,1.241058,-3.398315,-0.993809,0.111101,0.000330,0.101634,0.907919,0.406638,0.044879,0.404154,-0.913589), FOV = 70.0000},
	{CFrame.new(0.619919,1.152557,-3.313316,-0.995603,0.089338,0.028176,0.093042,0.908155,0.408163,0.010877,0.408990,-0.912474), FOV = 70.0000},
	{CFrame.new(0.714699,1.117249,-3.272881,-0.996002,0.079071,0.041556,0.089163,0.908177,0.408980,-0.005402,0.411050,-0.911597), FOV = 70.0000},
	{CFrame.new(0.872650,1.058411,-3.205490,-0.996057,0.061756,0.063696,0.082554,0.908119,0.410494,-0.032493,0.414133,-0.909636), FOV = 70.0000},
	{CFrame.new(0.967422,1.023132,-3.165054,-0.995723,0.051249,0.076877,0.078505,0.908024,0.411495,-0.048717,0.415770,-0.908164), FOV = 70.0000},
	{CFrame.new(1.151756,0.960571,-3.082451,-0.994038,0.030479,0.104691,0.071382,0.907700,0.413504,-0.082425,0.418512,-0.904463), FOV = 70.0000},
	{CFrame.new(1.394035,0.882507,-2.971161,-0.989812,0.002626,0.142354,0.062301,0.907017,0.416461,-0.128024,0.421087,-0.897940), FOV = 70.0000},
	{CFrame.new(1.636314,0.804443,-2.859879,-0.983459,-0.025737,0.179292,0.052841,0.906028,0.419906,-0.173251,0.422435,-0.889681), FOV = 70.0000},
	{CFrame.new(1.878593,0.726379,-2.748589,-0.974999,-0.054548,0.215411,0.043029,0.904707,0.423856,-0.218005,0.422528,-0.879741), FOV = 70.0000},
	{CFrame.new(2.043175,0.675751,-2.671440,-0.967837,-0.074411,0.240320,0.036498,0.903618,0.426781,-0.248915,0.421826,-0.871840), FOV = 70.0000},
	{CFrame.new(2.130104,0.652496,-2.628410,-0.963299,-0.085075,0.254593,0.033460,0.902995,0.428346,-0.266338,0.421143,-0.867008), FOV = 70.0000},
	{CFrame.new(2.217056,0.629272,-2.585381,-0.958443,-0.095782,0.268724,0.030381,0.902328,0.429978,-0.283661,0.420274,-0.861920), FOV = 70.0000},
	{CFrame.new(2.303986,0.606018,-2.542351,-0.953273,-0.106530,0.282706,0.027264,0.901615,0.431680,-0.300879,0.419216,-0.856580), FOV = 70.0000},
	{CFrame.new(2.386131,0.573486,-2.474342,-0.945363,-0.120953,0.302754,0.022488,0.902230,0.430668,-0.325244,0.413946,-0.850215), FOV = 70.0000},
	{CFrame.new(2.463501,0.531647,-2.381371,-0.934167,-0.138918,0.328684,0.015789,0.904115,0.426997,-0.356486,0.404076,-0.842402), FOV = 70.0000},
	{CFrame.new(2.540863,0.489807,-2.288391,-0.921941,-0.156727,0.354205,0.008702,0.905866,0.423474,-0.387232,0.393501,-0.833792), FOV = 70.0000},
	{CFrame.new(2.637581,0.437531,-2.172180,-0.905236,-0.178732,0.385489,-0.000692,0.907848,0.419299,-0.424908,0.379298,-0.821941), FOV = 70.0000},
	{CFrame.new(2.683922,0.407532,-2.103676,-0.894837,-0.190710,0.403605,-0.006004,0.909206,0.416302,-0.446354,0.370099,-0.814736), FOV = 70.0000},
	{CFrame.new(2.737968,0.368408,-2.013130,-0.880442,-0.205751,0.427186,-0.013008,0.911087,0.412008,-0.473975,0.357193,-0.804836), FOV = 70.0000},
	{CFrame.new(2.792000,0.329285,-1.922592,-0.865197,-0.220522,0.450337,-0.020375,0.912823,0.407848,-0.501017,0.343693,-0.794265), FOV = 70.0000},
	{CFrame.new(2.859550,0.280396,-1.809418,-0.844976,-0.238577,0.478640,-0.030086,0.914771,0.402852,-0.533957,0.326000,-0.780138), FOV = 70.0000},
	{CFrame.new(2.913582,0.241302,-1.718887,-0.827892,-0.252670,0.500752,-0.038249,0.916140,0.399031,-0.559582,0.311201,-0.768129), FOV = 70.0000},
	{CFrame.new(2.954102,0.211945,-1.650978,-0.814564,-0.263024,0.517014,-0.044595,0.917048,0.396275,-0.578357,0.299735,-0.758724), FOV = 70.0000},
	{CFrame.new(2.984802,0.175568,-1.562881,-0.797273,-0.274919,0.537378,-0.053011,0.918711,0.391357,-0.601286,0.283531,-0.747037), FOV = 70.0000},
	{CFrame.new(2.988495,0.158722,-1.520050,-0.788968,-0.279927,0.546964,-0.057181,0.919780,0.388246,-0.611767,0.275038,-0.741684), FOV = 70.0000},
	{CFrame.new(2.994637,0.130646,-1.448654,-0.774828,-0.288061,0.562728,-0.064327,0.921456,0.383120,-0.628891,0.260654,-0.732500), FOV = 70.0000},
	{CFrame.new(3.001778,0.105194,-1.365158,-0.756811,-0.295179,0.583187,-0.069035,0.923329,0.377753,-0.649978,0.245627,-0.719163), FOV = 70.0000},
	{CFrame.new(3.007690,0.085327,-1.295952,-0.741270,-0.300448,0.600208,-0.072482,0.924825,0.373425,-0.667282,0.233304,-0.707322), FOV = 70.0000},
	{CFrame.new(3.015549,0.058868,-1.203682,-0.719946,-0.307068,0.622404,-0.077384,0.926721,0.367695,-0.689703,0.216556,-0.690951), FOV = 70.0000},
	{CFrame.new(3.023422,0.032410,-1.111412,-0.697958,-0.313216,0.644012,-0.082632,0.928500,0.362023,-0.711356,0.199461,-0.673935), FOV = 70.0000},
	{CFrame.new(3.031288,0.005920,-1.019135,-0.675333,-0.318879,0.665013,-0.088224,0.930151,0.356421,-0.732217,0.182033,-0.656294), FOV = 70.0000},
	{CFrame.new(3.037872,-0.015381,-0.941864,-0.655762,-0.322971,0.682398,-0.092581,0.931456,0.351880,-0.749270,0.167572,-0.640714), FOV = 70.0000},
	{CFrame.new(3.043167,-0.031586,-0.879593,-0.639488,-0.325697,0.696403,-0.095560,0.932479,0.348356,-0.762839,0.156221,-0.627432), FOV = 70.0000},
	{CFrame.new(3.048470,-0.047791,-0.817307,-0.622937,-0.328196,0.710096,-0.098682,0.933453,0.344858,-0.776023,0.144751,-0.613870), FOV = 70.0000},
	{CFrame.new(3.043343,-0.062683,-0.761833,-0.606686,-0.330194,0.723121,-0.101415,0.934369,0.341569,-0.788446,0.133890,-0.600355), FOV = 70.0000},
	{CFrame.new(3.027802,-0.076263,-0.713150,-0.590762,-0.331719,0.735502,-0.103739,0.935239,0.338478,-0.800149,0.123660,-0.586916), FOV = 70.0000},
	{CFrame.new(3.012253,-0.089874,-0.664467,-0.574616,-0.333049,0.747593,-0.106179,0.936072,0.335405,-0.811507,0.113350,-0.573244), FOV = 70.0000},
	{CFrame.new(3.000702,-0.103638,-0.613319,-0.557556,-0.334121,0.759931,-0.108577,0.936913,0.332273,-0.823008,0.102750,-0.558659), FOV = 70.0000},
	{CFrame.new(2.993118,-0.117615,-0.559715,-0.539562,-0.334911,0.772468,-0.110945,0.937761,0.329081,-0.834604,0.091859,-0.543137), FOV = 70.0000},
	{CFrame.new(2.985527,-0.131592,-0.506111,-0.521331,-0.335474,0.784647,-0.113441,0.938570,0.325911,-0.845781,0.080896,-0.527362), FOV = 70.0000},
	{CFrame.new(2.976044,-0.149048,-0.439102,-0.498223,-0.335855,0.799359,-0.116741,0.939520,0.321983,-0.859154,0.067102,-0.507299), FOV = 70.0000},
	{CFrame.new(2.969208,-0.166656,-0.370445,-0.474255,-0.335780,0.813839,-0.119969,0.940436,0.318101,-0.872175,0.053226,-0.486290), FOV = 70.0000},
	{CFrame.new(2.964272,-0.180756,-0.315201,-0.454737,-0.335431,0.825046,-0.122642,0.941125,0.315028,-0.882141,0.042070,-0.469102), FOV = 70.0000},
	{CFrame.new(2.956062,-0.204224,-0.223129,-0.421756,-0.334313,0.842826,-0.127380,0.942172,0.309978,-0.897717,0.023376,-0.439952), FOV = 70.0000},
	{CFrame.new(2.959007,-0.216309,-0.172714,-0.403711,-0.333298,0.852015,-0.129702,0.942724,0.307326,-0.905646,0.013563,-0.423817), FOV = 70.0000},
	{CFrame.new(2.968208,-0.231079,-0.108727,-0.380761,-0.331651,0.863151,-0.132482,0.943401,0.304044,-0.915134,0.001416,-0.403148), FOV = 70.0000},
	{CFrame.new(2.979721,-0.249542,-0.028732,-0.351771,-0.329166,0.876303,-0.136173,0.944171,0.299996,-0.926129,-0.013799,-0.376955), FOV = 70.0000},
	{CFrame.new(2.992149,-0.251221,0.071022,-0.312158,-0.326509,0.892160,-0.142479,0.944555,0.295832,-0.939286,-0.034767,-0.341370), FOV = 70.0000},
	{CFrame.new(3.005699,-0.248535,0.182678,-0.266606,-0.322738,0.908164,-0.150279,0.944664,0.291593,-0.952018,-0.058737,-0.300354), FOV = 70.0000},
	{CFrame.new(3.015831,-0.246521,0.266418,-0.232110,-0.319182,0.918830,-0.156432,0.944581,0.288610,-0.960028,-0.076745,-0.269177), FOV = 70.0000},
	{CFrame.new(3.029373,-0.243805,0.378067,-0.185763,-0.313466,0.931253,-0.165027,0.944239,0.284918,-0.968637,-0.100755,-0.227135), FOV = 70.0000},
	{CFrame.new(3.042091,-0.235748,0.486992,-0.139375,-0.306941,0.941468,-0.173683,0.943586,0.281919,-0.974889,-0.124225,-0.184823), FOV = 70.0000},
	{CFrame.new(3.053986,-0.222321,0.593193,-0.093052,-0.299655,0.949499,-0.182343,0.942636,0.279620,-0.978822,-0.147116,-0.142354), FOV = 70.0000},
	{CFrame.new(3.065903,-0.208893,0.699402,-0.046656,-0.291323,0.955486,-0.191341,0.941422,0.277692,-0.980414,-0.169868,-0.099665), FOV = 70.0000},
	{CFrame.new(3.077797,-0.195435,0.805611,-0.000301,-0.281949,0.959429,-0.200655,0.939933,0.276157,-0.979662,-0.192431,-0.056857), FOV = 70.0000},
	{CFrame.new(3.089714,-0.182007,0.911819,0.045899,-0.271539,0.961332,-0.210260,0.938162,0.275033,-0.976567,-0.214754,-0.014033), FOV = 70.0000},
	{CFrame.new(3.099480,-0.156189,1.047195,0.094857,-0.256233,0.961950,-0.215884,0.938016,0.271146,-0.971801,-0.233389,0.033661), FOV = 70.0000},
	{CFrame.new(3.107101,-0.117981,1.211678,0.146474,-0.236133,0.960618,-0.217779,0.939569,0.264165,-0.964944,-0.247896,0.086198), FOV = 70.0000},
	{CFrame.new(3.114754,-0.079773,1.376160,0.197583,-0.215167,0.956381,-0.220268,0.940921,0.257195,-0.955219,-0.261477,0.138515), FOV = 70.0000},
	{CFrame.new(3.122375,-0.041595,1.540642,0.248017,-0.193386,0.949257,-0.223348,0.942061,0.250275,-0.942658,-0.274087,0.190455), FOV = 70.0000},
	{CFrame.new(3.130020,-0.003387,1.705124,0.297616,-0.170839,0.939276,-0.227013,0.942975,0.243442,-0.927302,-0.285680,0.241861), FOV = 70.0000},
	{CFrame.new(3.137672,0.034790,1.869606,0.346220,-0.147580,0.926473,-0.231256,0.943651,0.236736,-0.909204,-0.296215,0.292582), FOV = 70.0000},
	{CFrame.new(3.145294,0.072998,2.034088,0.393671,-0.123666,0.910895,-0.236065,0.944079,0.230193,-0.888423,-0.305651,0.342464), FOV = 70.0000},
	{CFrame.new(3.152931,0.111206,2.198570,0.439819,-0.099155,0.892596,-0.241428,0.944247,0.223854,-0.865027,-0.313953,0.391359), FOV = 70.0000},
	{CFrame.new(3.145874,0.093048,2.396996,0.482402,-0.087701,0.871549,-0.221461,0.950440,0.218218,-0.847493,-0.298283,0.439071), FOV = 70.0000},
	{CFrame.new(3.135033,0.055878,2.513184,0.502103,-0.089201,0.860195,-0.198532,0.956212,0.215043,-0.841712,-0.278749,0.462407), FOV = 70.0000},
	{CFrame.new(3.120552,0.006317,2.668106,0.527784,-0.091997,0.844382,-0.167834,0.963221,0.209849,-0.832632,-0.252471,0.492933), FOV = 70.0000},
	{CFrame.new(3.106087,-0.043243,2.823013,0.552753,-0.095695,0.827833,-0.137043,0.969422,0.203568,-0.822000,-0.225971,0.522736), FOV = 70.0000},
	{CFrame.new(3.091614,-0.092804,2.977943,0.576963,-0.100292,0.810589,-0.106212,0.974793,0.196208,-0.809835,-0.199299,0.551768), FOV = 70.0000},
	{CFrame.new(2.922134,0.085419,3.266685,0.727974,-0.097716,0.678605,-0.062770,0.976135,0.207896,-0.682725,-0.193939,0.704467), FOV = 70.0000},
	{CFrame.new(2.517059,0.592041,3.794373,0.956827,-0.081606,0.278967,0.016441,0.973436,0.228369,-0.290192,-0.213923,0.932751), FOV = 70.0000},
	{CFrame.new(2.287758,0.831055,4.025055,0.984717,-0.026259,0.172168,-0.013566,0.973999,0.226146,-0.173630,-0.225026,0.958758), FOV = 70.0000},
	{CFrame.new(2.139381,0.968903,4.150398,0.987555,0.025383,0.155214,-0.060251,0.972660,0.224283,-0.145277,-0.230843,0.962084), FOV = 70.0000},
	{CFrame.new(1.941551,1.152679,4.317528,0.986690,0.094276,0.132498,-0.122375,0.967055,0.223222,-0.107088,-0.236465,0.965721), FOV = 70.0000},
	{CFrame.new(1.843872,1.350220,4.592514,0.991699,0.082364,0.098734,-0.102252,0.970749,0.217235,-0.077954,-0.225528,0.971113), FOV = 70.0000},
	{CFrame.new(1.844963,1.455902,4.783859,0.996420,0.035672,0.076651,-0.051115,0.976343,0.210098,-0.067343,-0.213263,0.974671), FOV = 70.0000},
	{CFrame.new(1.846397,1.596802,5.038994,0.998488,-0.027166,0.047786,0.017139,0.979862,0.198939,-0.052228,-0.197819,0.978846), FOV = 70.0000},
	{CFrame.new(1.840958,1.675476,5.238983,0.997709,-0.057989,0.034838,0.051138,0.983637,0.172751,-0.044286,-0.170573,0.984349), FOV = 70.0000},
	{CFrame.new(1.828629,1.692108,5.383980,0.997710,-0.056521,0.037154,0.051131,0.989831,0.132744,-0.044279,-0.130540,0.990454), FOV = 70.0000},
	{CFrame.new(1.816315,1.708740,5.528976,0.997709,-0.054976,0.039420,0.051138,0.994397,0.092521,-0.044286,-0.090293,0.994930), FOV = 70.0000},
	{CFrame.new(1.808037,1.718842,5.617531,0.997708,-0.054119,0.040609,0.051146,0.996166,0.070969,-0.044294,-0.068729,0.996651), FOV = 70.0000},
	{CFrame.new(1.799545,1.726074,5.682098,0.997708,-0.053888,0.040915,0.051147,0.996553,0.065319,-0.044294,-0.063077,0.997025), FOV = 70.0000},
	{CFrame.new(1.796028,1.728485,5.703880,0.997708,-0.053810,0.041018,0.051147,0.996676,0.063416,-0.044294,-0.061173,0.997144), FOV = 70.0000},
	{CFrame.new(1.790405,1.730865,5.726456,0.997708,-0.053728,0.041124,0.051147,0.996799,0.061451,-0.044294,-0.059206,0.997263), FOV = 70.0000},
	{CFrame.new(1.786186,1.732666,5.743385,0.997708,-0.053667,0.041203,0.051146,0.996889,0.059976,-0.044294,-0.057731,0.997349), FOV = 70.0000},
	{CFrame.new(1.779152,1.735626,5.771599,0.997708,-0.053566,0.041336,0.051146,0.997033,0.057519,-0.044294,-0.055273,0.997488), FOV = 70.0000},
	{CFrame.new(1.774940,1.737427,5.788528,0.997708,-0.053504,0.041414,0.051146,0.997117,0.056044,-0.044294,-0.053798,0.997569), FOV = 70.0000},
	{CFrame.new(1.769310,1.739807,5.811104,0.997708,-0.053422,0.041520,0.051146,0.997226,0.054078,-0.044293,-0.051830,0.997673), FOV = 70.0000},
	{CFrame.new(1.763687,1.742188,5.833679,0.997708,-0.053341,0.041625,0.051146,0.997331,0.052112,-0.044294,-0.049864,0.997773), FOV = 70.0000},
	{CFrame.new(1.756111,1.744293,5.854935,0.997708,-0.053263,0.041724,0.051146,0.997425,0.050269,-0.044294,-0.048020,0.997864), FOV = 70.0000},
	{CFrame.new(1.748543,1.746399,5.876190,0.997708,-0.053186,0.041822,0.051146,0.997516,0.048426,-0.044294,-0.046176,0.997951), FOV = 70.0000},
	{CFrame.new(1.748543,1.746399,5.876190,0.997708,-0.053186,0.041822,0.051146,0.997516,0.048426,-0.044294,-0.046176,0.997951), FOV = 70.0000},
	{CFrame.new(-5.520370,2.063354,11.536583,0.999123,-0.002028,0.041822,-0.000000,0.998827,0.048425,-0.041871,-0.048383,0.997951), FOV = 70.0000},
	{CFrame.new(-8.708580,0.358582,12.545341,0.999123,-0.002028,0.041822,-0.000000,0.998827,0.048425,-0.041871,-0.048383,0.997951), FOV = 70.0000},
	{CFrame.new(-8.765068,4.239014,11.312439,0.999123,-0.002028,0.041822,-0.000000,0.998827,0.048425,-0.041871,-0.048383,0.997951), FOV = 70.0000},
	{CFrame.new(-5.901451,5.493805,10.918823,0.999123,-0.002028,0.041822,-0.000000,0.998827,0.048425,-0.041871,-0.048383,0.997951), FOV = 70.0000},
	{CFrame.new(-3.889091,6.231995,11.532478,0.999123,-0.002028,0.041822,-0.000000,0.998827,0.048425,-0.041871,-0.048383,0.997951), FOV = 70.0000},
	{CFrame.new(-1.548210,5.479187,12.131508,0.999123,-0.002028,0.041822,-0.000000,0.998827,0.048425,-0.041871,-0.048383,0.997951), FOV = 70.0000},
	{CFrame.new(-2.898827,4.583893,12.770294,0.999123,-0.002028,0.041821,-0.000000,0.998827,0.048425,-0.041871,-0.048383,0.997951), FOV = 70.0000},
	{CFrame.new(-2.690414,3.246735,14.196281,0.999123,-0.002028,0.041821,-0.000000,0.998827,0.048425,-0.041871,-0.048383,0.997951), FOV = 70.0000},
	{CFrame.new(-1.456535,3.650696,15.151131,0.999123,-0.002028,0.041821,-0.000000,0.998827,0.048425,-0.041871,-0.048383,0.997951), FOV = 70.0000},
	{CFrame.new(-2.208580,3.596863,12.779785,0.999123,-0.002028,0.041821,-0.000000,0.998827,0.048425,-0.041871,-0.048383,0.997951), FOV = 70.0000},
	{CFrame.new(-2.662216,2.976440,14.437202,0.999123,-0.002028,0.041821,-0.000000,0.998827,0.048425,-0.041871,-0.048383,0.997951), FOV = 70.0000},
	{CFrame.new(-2.040016,2.118439,13.485229,0.999123,-0.002028,0.041821,-0.000000,0.998827,0.048425,-0.041871,-0.048383,0.997951), FOV = 70.0000},
	{CFrame.new(-1.525169,2.499207,12.818726,0.999123,-0.002028,0.041821,-0.000000,0.998827,0.048425,-0.041871,-0.048383,0.997951), FOV = 70.0000},
	{CFrame.new(-1.805145,3.549408,14.001823,0.999123,-0.002028,0.041821,-0.000000,0.998827,0.048425,-0.041871,-0.048383,0.997951), FOV = 70.0000},
	{CFrame.new(-1.892586,2.296356,12.822319,0.999123,-0.002028,0.041821,-0.000000,0.998827,0.048425,-0.041871,-0.048383,0.997951), FOV = 70.0000},
	{CFrame.new(0.014885,0.650238,14.276321,0.999123,-0.002028,0.041821,-0.000000,0.998827,0.048425,-0.041871,-0.048383,0.997951), FOV = 70.0000},
	{CFrame.new(1.494377,-0.561981,15.317757,0.999123,-0.002028,0.041821,-0.000000,0.998827,0.048425,-0.041871,-0.048383,0.997951), FOV = 70.0000},
	{CFrame.new(0.065689,0.254486,14.350685,0.999123,-0.002028,0.041821,-0.000000,0.998827,0.048425,-0.041871,-0.048383,0.997951), FOV = 70.0000},
	{CFrame.new(1.571312,0.042053,14.457581,0.999123,-0.002028,0.041821,-0.000000,0.998827,0.048425,-0.041871,-0.048383,0.997951), FOV = 70.0000},
	{CFrame.new(3.405128,0.480133,13.915825,0.999123,-0.002028,0.041821,-0.000000,0.998827,0.048425,-0.041871,-0.048383,0.997951), FOV = 70.0000},
	{CFrame.new(4.565071,0.788452,13.527359,0.999123,-0.002028,0.041821,-0.000000,0.998827,0.048425,-0.041871,-0.048383,0.997951), FOV = 70.0000},
	{CFrame.new(3.463440,0.282257,13.958420,0.999123,-0.002028,0.041822,-0.000000,0.998827,0.048425,-0.041871,-0.048383,0.997951), FOV = 70.0000},
	{CFrame.new(2.658653,0.973999,13.211700,0.999123,-0.002028,0.041822,-0.000000,0.998827,0.048425,-0.041871,-0.048383,0.997951), FOV = 70.0000},
	{CFrame.new(2.477493,0.120361,13.072174,0.999123,-0.002028,0.041821,-0.000000,0.998827,0.048425,-0.041871,-0.048383,0.997951), FOV = 70.0000},
	{CFrame.new(2.463081,-0.366577,12.973763,0.999123,-0.002028,0.041821,-0.000000,0.998827,0.048425,-0.041871,-0.048383,0.997951), FOV = 70.0000},
	{CFrame.new(2.842506,0.184143,12.487206,0.999123,-0.002028,0.041822,-0.000000,0.998827,0.048425,-0.041871,-0.048383,0.997951), FOV = 70.0000},
	{CFrame.new(3.081390,0.589600,12.154495,0.999123,-0.002028,0.041822,-0.000000,0.998827,0.048425,-0.041871,-0.048383,0.997951), FOV = 70.0000},
	{CFrame.new(2.879028,0.204926,12.822037,0.999123,-0.002028,0.041822,-0.000000,0.998827,0.048425,-0.041871,-0.048383,0.997951), FOV = 70.0000},
	{CFrame.new(2.709297,0.861450,12.215714,0.999123,-0.002028,0.041822,-0.000000,0.998827,0.048425,-0.041871,-0.048383,0.997951), FOV = 70.0000},
	{CFrame.new(2.952377,0.891418,12.401390,0.999123,-0.002028,0.041822,-0.000000,0.998827,0.048425,-0.041871,-0.048383,0.997951), FOV = 70.0000},
	{CFrame.new(2.527046,1.029266,12.293274,0.999123,-0.002028,0.041822,-0.000000,0.998827,0.048425,-0.041871,-0.048383,0.997951), FOV = 70.0000},
	{CFrame.new(2.487717,1.393066,12.484131,0.999123,-0.002028,0.041822,-0.000000,0.998827,0.048425,-0.041871,-0.048383,0.997951), FOV = 70.0000},
	{CFrame.new(2.444168,1.689850,12.315659,0.999123,-0.002028,0.041822,-0.000000,0.998827,0.048425,-0.041871,-0.048383,0.997951), FOV = 70.0000},
	{CFrame.new(3.564827,2.971558,11.500603,0.986573,-0.018537,0.162266,-0.000000,0.993538,0.113499,-0.163321,-0.111975,0.980198), FOV = 70.0000},
	{CFrame.new(4.058372,4.532135,11.583885,0.981960,-0.040689,0.184661,-0.000000,0.976574,0.215181,-0.189090,-0.211299,0.958957), FOV = 70.0000},
	{CFrame.new(4.067520,5.563416,10.692795,0.980272,-0.063457,0.187189,0.000000,0.947061,0.321055,-0.197652,-0.314721,0.928377), FOV = 70.0000},
	{CFrame.new(3.917969,6.636292,9.927879,0.980272,-0.080567,0.180486,0.000000,0.913151,0.407622,-0.197652,-0.399581,0.895136), FOV = 70.0000},
	{CFrame.new(4.032700,7.428741,9.132683,0.980272,-0.093101,0.174352,-0.000000,0.882115,0.471035,-0.197652,-0.461742,0.864713), FOV = 70.0000},
	{CFrame.new(4.090469,7.857178,8.501556,0.980272,-0.103275,0.168525,-0.000000,0.852633,0.522510,-0.197652,-0.512202,0.835813), FOV = 70.0000},
	{CFrame.new(3.578987,8.552612,8.918228,0.980272,-0.113922,0.161518,0.000000,0.817184,0.576377,-0.197652,-0.565007,0.801063), FOV = 70.0000},
	{CFrame.new(3.261093,8.921204,9.141716,0.978510,-0.127826,0.161797,-0.000000,0.784666,0.619919,-0.206198,-0.606597,0.767803), FOV = 70.0000},
	{CFrame.new(3.211044,9.117371,8.530388,0.978510,-0.127826,0.161797,-0.000000,0.784666,0.619919,-0.206198,-0.606597,0.767803), FOV = 70.0000},
	{CFrame.new(3.183342,8.814056,8.125351,0.978510,-0.127826,0.161797,-0.000000,0.784665,0.619919,-0.206198,-0.606597,0.767803), FOV = 70.0000},
	{CFrame.new(3.028389,9.088287,7.743607,0.978510,-0.127826,0.161797,-0.000000,0.784665,0.619919,-0.206198,-0.606597,0.767803), FOV = 70.0000},
	{CFrame.new(2.922180,8.726318,8.494789,0.978510,-0.127826,0.161797,-0.000000,0.784665,0.619919,-0.206198,-0.606597,0.767803), FOV = 70.0000},
	{CFrame.new(3.320381,8.596863,8.326027,0.978510,-0.127826,0.161797,-0.000000,0.784665,0.619920,-0.206198,-0.606598,0.767803), FOV = 70.0000},
	{CFrame.new(3.575027,8.672821,8.241249,0.978510,-0.127826,0.161797,-0.000000,0.784665,0.619920,-0.206198,-0.606598,0.767803), FOV = 70.0000},
	{CFrame.new(3.227036,8.606415,8.323753,0.978510,-0.127826,0.161797,-0.000000,0.784665,0.619919,-0.206198,-0.606597,0.767803), FOV = 70.0000},
	{CFrame.new(3.554459,8.558380,8.553360,0.978510,-0.127826,0.161797,-0.000000,0.784665,0.619919,-0.206198,-0.606597,0.767803), FOV = 70.0000},
	{CFrame.new(4.061165,8.452606,8.471153,0.978510,-0.127826,0.161797,-0.000000,0.784665,0.619920,-0.206198,-0.606598,0.767803), FOV = 70.0000},
	{CFrame.new(3.818398,8.426056,8.461273,0.978510,-0.127826,0.161797,-0.000000,0.784665,0.619919,-0.206198,-0.606597,0.767803), FOV = 70.0000},
	{CFrame.new(3.963455,8.482635,8.466866,0.978510,-0.127826,0.161797,-0.000000,0.784665,0.619920,-0.206198,-0.606598,0.767803), FOV = 70.0000},
	{CFrame.new(3.761650,8.347076,8.819511,0.978510,-0.127826,0.161797,-0.000000,0.784665,0.619919,-0.206198,-0.606597,0.767803), FOV = 70.0000},
	{CFrame.new(3.829826,8.239410,8.693573,0.978510,-0.127826,0.161797,-0.000000,0.784665,0.619920,-0.206198,-0.606598,0.767803), FOV = 70.0000},
	{CFrame.new(3.914597,8.418335,8.719276,0.978510,-0.127826,0.161797,-0.000000,0.784665,0.619919,-0.206198,-0.606597,0.767803), FOV = 70.0000},
	{CFrame.new(3.999832,8.266510,8.763351,0.978510,-0.127826,0.161797,-0.000000,0.784665,0.619920,-0.206198,-0.606598,0.767803), FOV = 70.0000},
	{CFrame.new(3.963326,8.103943,8.725441,0.978510,-0.127826,0.161797,-0.000000,0.784665,0.619919,-0.206198,-0.606597,0.767803), FOV = 70.0000},
	{CFrame.new(3.925743,7.997162,8.912544,0.978510,-0.127826,0.161797,-0.000000,0.784665,0.619919,-0.206198,-0.606597,0.767803), FOV = 70.0000},
	{CFrame.new(3.812836,8.181366,8.808586,0.978510,-0.127826,0.161797,-0.000000,0.784665,0.619920,-0.206198,-0.606598,0.767803), FOV = 70.0000},
	{CFrame.new(3.725281,8.320953,9.023972,0.978510,-0.127826,0.161797,-0.000000,0.784665,0.619919,-0.206198,-0.606597,0.767803), FOV = 70.0000},
	{CFrame.new(3.723175,8.364655,8.883804,0.978510,-0.127826,0.161797,-0.000000,0.784665,0.619919,-0.206198,-0.606597,0.767803), FOV = 70.0000},
	{CFrame.new(3.716003,8.397003,9.101303,0.978510,-0.127826,0.161797,-0.000000,0.784665,0.619920,-0.206198,-0.606598,0.767803), FOV = 70.0000},
	{CFrame.new(3.644463,8.485931,9.326752,0.978510,-0.127826,0.161797,-0.000000,0.784665,0.619919,-0.206198,-0.606597,0.767803), FOV = 70.0000},
	{CFrame.new(3.646965,8.453033,9.160973,0.978510,-0.127826,0.161797,-0.000000,0.784665,0.619920,-0.206198,-0.606598,0.767803), FOV = 70.0000},
	{CFrame.new(3.545464,8.566681,9.263863,0.978510,-0.127826,0.161797,-0.000000,0.784665,0.619919,-0.206198,-0.606597,0.767803), FOV = 70.0000},
	{CFrame.new(3.466743,8.483398,9.189629,0.978510,-0.127826,0.161797,-0.000000,0.784665,0.619920,-0.206198,-0.606598,0.767803), FOV = 70.0000},
	{CFrame.new(3.477203,8.603760,9.302719,0.978510,-0.127826,0.161797,-0.000000,0.784665,0.619919,-0.206198,-0.606597,0.767803), FOV = 70.0000},
	{CFrame.new(3.485680,8.501770,9.390343,0.978510,-0.127826,0.161797,-0.000000,0.784665,0.619920,-0.206198,-0.606598,0.767803), FOV = 70.0000},
	{CFrame.new(3.521935,8.392761,9.406799,0.978510,-0.127826,0.161797,-0.000000,0.784665,0.619920,-0.206198,-0.606598,0.767803), FOV = 70.0000},
	{CFrame.new(3.549911,8.310883,9.416512,0.978510,-0.127826,0.161797,-0.000000,0.784665,0.619920,-0.206198,-0.606598,0.767803), FOV = 70.0000},
	{CFrame.new(3.551834,8.217926,9.405792,0.978510,-0.127826,0.161797,-0.000000,0.784665,0.619919,-0.206198,-0.606597,0.767803), FOV = 70.0000},
	{CFrame.new(3.551620,8.365356,9.377983,0.978510,-0.127826,0.161797,-0.000000,0.784665,0.619919,-0.206198,-0.606597,0.767803), FOV = 70.0000},
	{CFrame.new(3.512756,8.465179,9.407272,0.978510,-0.127826,0.161797,-0.000000,0.784665,0.619920,-0.206198,-0.606598,0.767803), FOV = 70.0000},
	{CFrame.new(3.530159,8.435211,9.422310,0.978510,-0.127826,0.161797,-0.000000,0.784665,0.619919,-0.206198,-0.606597,0.767803), FOV = 70.0000},
	{CFrame.new(3.474609,8.385437,9.337616,0.978510,-0.127826,0.161797,-0.000000,0.784665,0.619920,-0.206198,-0.606598,0.767803), FOV = 70.0000},
	{CFrame.new(3.522461,8.484985,9.270432,0.978510,-0.127826,0.161797,-0.000000,0.784665,0.619920,-0.206198,-0.606598,0.767803), FOV = 70.0000},
	{CFrame.new(3.509445,8.420990,9.254707,0.978510,-0.127826,0.161797,-0.000000,0.784665,0.619920,-0.206198,-0.606598,0.767803), FOV = 70.0000},
	{CFrame.new(3.513344,8.518707,9.273659,0.978510,-0.127826,0.161797,-0.000000,0.784665,0.619919,-0.206198,-0.606597,0.767803), FOV = 70.0000},
	{CFrame.new(3.539757,8.609100,9.261833,0.978510,-0.127826,0.161797,-0.000000,0.784665,0.619920,-0.206198,-0.606598,0.767803), FOV = 70.0000},
	{CFrame.new(3.558083,8.675201,9.275032,0.978510,-0.127826,0.161797,-0.000000,0.784665,0.619920,-0.206198,-0.606598,0.767803), FOV = 70.0000},
	{CFrame.new(3.547577,8.695679,9.304947,0.978510,-0.127826,0.161797,-0.000000,0.784665,0.619920,-0.206198,-0.606598,0.767803), FOV = 70.0000},
	{CFrame.new(3.537880,8.708832,9.327759,0.978510,-0.127826,0.161797,-0.000000,0.784665,0.619920,-0.206198,-0.606598,0.767803), FOV = 70.0000},
	{CFrame.new(3.550697,8.637634,9.316574,0.978510,-0.127826,0.161797,-0.000000,0.784665,0.619919,-0.206198,-0.606597,0.767803), FOV = 70.0000},
	{CFrame.new(3.523064,8.586182,9.312241,0.978510,-0.127826,0.161797,-0.000000,0.784665,0.619920,-0.206198,-0.606598,0.767803), FOV = 70.0000},
	{CFrame.new(3.485336,8.636627,9.290390,0.978510,-0.127826,0.161797,-0.000000,0.784665,0.619920,-0.206198,-0.606598,0.767803), FOV = 70.0000},
	{CFrame.new(3.458893,8.583740,9.274689,0.978510,-0.127826,0.161797,-0.000000,0.784665,0.619920,-0.206198,-0.606598,0.767803), FOV = 70.0000},
	{CFrame.new(3.456451,8.639771,9.304749,0.978510,-0.127826,0.161797,-0.000000,0.784665,0.619919,-0.206198,-0.606597,0.767803), FOV = 70.0000},
	{CFrame.new(3.455635,8.583710,9.276360,0.978510,-0.127826,0.161797,-0.000000,0.784665,0.619920,-0.206198,-0.606598,0.767803), FOV = 70.0000},
	{CFrame.new(3.451477,8.607758,9.270622,0.978510,-0.127826,0.161797,-0.000000,0.784665,0.619920,-0.206198,-0.606598,0.767803), FOV = 70.0000},
	{CFrame.new(3.466042,8.581360,9.276520,0.978510,-0.127826,0.161797,-0.000000,0.784665,0.619919,-0.206198,-0.606597,0.767803), FOV = 70.0000},
	{CFrame.new(3.463478,8.576294,9.267464,0.978510,-0.127826,0.161797,-0.000000,0.784665,0.619920,-0.206198,-0.606598,0.767803), FOV = 70.0000},
	{CFrame.new(3.467957,8.576385,9.269043,0.978510,-0.127826,0.161797,-0.000000,0.784665,0.619919,-0.206198,-0.606597,0.767803), FOV = 70.0000},
	{CFrame.new(3.482552,8.565155,9.258904,0.978510,-0.127826,0.161797,-0.000000,0.784665,0.619919,-0.206198,-0.606597,0.767803), FOV = 70.0000},
	{CFrame.new(3.496002,8.554779,9.249565,0.978510,-0.127826,0.161797,-0.000000,0.784665,0.619919,-0.206198,-0.606597,0.767803), FOV = 70.0000},
	{CFrame.new(3.494301,8.580933,9.254860,0.978510,-0.127826,0.161797,-0.000000,0.784665,0.619919,-0.206198,-0.606597,0.767803), FOV = 70.0000},
	{CFrame.new(3.493996,8.565643,9.258675,0.978510,-0.127826,0.161797,-0.000000,0.784665,0.619919,-0.206198,-0.606597,0.767803), FOV = 70.0000},
	{CFrame.new(3.438271,8.436707,9.223053,0.978510,-0.127826,0.161797,-0.000000,0.784665,0.619919,-0.206198,-0.606597,0.767803), FOV = 70.0000},
	{CFrame.new(3.537338,8.618927,9.324203,0.978510,-0.127826,0.161797,-0.000000,0.784665,0.619919,-0.206198,-0.606597,0.767803), FOV = 70.0000},
	{CFrame.new(3.529633,8.612122,9.316513,0.978510,-0.127826,0.161797,-0.000000,0.784665,0.619920,-0.206198,-0.606598,0.767803), FOV = 70.0000},
	{CFrame.new(3.525230,8.608215,9.312126,0.978510,-0.127826,0.161797,-0.000000,0.784665,0.619920,-0.206198,-0.606598,0.767803), FOV = 70.0000},
	{CFrame.new(3.517120,8.600494,9.304008,0.978510,-0.127826,0.161797,-0.000000,0.784665,0.619920,-0.206198,-0.606598,0.767803), FOV = 70.0000},
	{CFrame.new(3.504761,8.588745,9.291679,0.978510,-0.127826,0.161797,-0.000000,0.784665,0.619920,-0.206198,-0.606598,0.767803), FOV = 70.0000},
	{CFrame.new(3.509293,8.579987,9.282440,0.978510,-0.127826,0.161797,-0.000000,0.784665,0.619920,-0.206198,-0.606598,0.767803), FOV = 70.0000},
	{CFrame.new(3.513351,8.572113,9.274124,0.978510,-0.127826,0.161797,-0.000000,0.784665,0.619920,-0.206198,-0.606598,0.767803), FOV = 70.0000},
	{CFrame.new(3.515953,8.579315,9.280983,0.978510,-0.127826,0.161797,-0.000000,0.784665,0.619920,-0.206198,-0.606598,0.767803), FOV = 70.0000},
	{CFrame.new(3.511902,8.578918,9.280319,0.978510,-0.127826,0.161797,-0.000000,0.784665,0.619920,-0.206198,-0.606598,0.767803), FOV = 70.0000},
	{CFrame.new(3.514244,8.584778,9.285919,0.978510,-0.127826,0.161797,-0.000000,0.784665,0.619919,-0.206198,-0.606597,0.767803), FOV = 70.0000},
	{CFrame.new(3.509895,8.583374,9.284286,0.978510,-0.127826,0.161797,-0.000000,0.784665,0.619920,-0.206198,-0.606598,0.767803), FOV = 70.0000},
	{CFrame.new(3.511368,8.586548,9.279343,0.978510,-0.127826,0.161797,-0.000000,0.784665,0.619920,-0.206198,-0.606598,0.767803), FOV = 70.0000},
	{CFrame.new(3.513199,8.590485,9.273239,0.978510,-0.127826,0.161797,-0.000000,0.784665,0.619920,-0.206198,-0.606598,0.767803), FOV = 70.0000},
	{CFrame.new(3.504509,8.583405,9.278595,0.978510,-0.127826,0.161797,-0.000000,0.784665,0.619920,-0.206198,-0.606598,0.767803), FOV = 70.0000},
	{CFrame.new(3.502098,8.582336,9.278290,0.978510,-0.127826,0.161797,-0.000000,0.784665,0.619920,-0.206198,-0.606598,0.767803), FOV = 70.0000},
	{CFrame.new(3.495903,8.577271,9.282219,0.978510,-0.127826,0.161797,-0.000000,0.784665,0.619920,-0.206198,-0.606598,0.767803), FOV = 70.0000},
	{CFrame.new(3.490540,8.572876,9.285622,0.978510,-0.127826,0.161797,-0.000000,0.784665,0.619919,-0.206198,-0.606597,0.767803), FOV = 70.0000},
	{CFrame.new(3.486893,8.576965,9.287804,0.978510,-0.127826,0.161797,-0.000000,0.784665,0.619920,-0.206198,-0.606598,0.767803), FOV = 70.0000},
	{CFrame.new(3.483589,8.580688,9.289764,0.978510,-0.127826,0.161797,-0.000000,0.784665,0.619919,-0.206198,-0.606597,0.767803), FOV = 70.0000},
	{CFrame.new(3.481102,8.576538,9.291092,0.978510,-0.127826,0.161797,-0.000000,0.784665,0.619920,-0.206198,-0.606598,0.767803), FOV = 70.0000},
	{CFrame.new(3.482460,8.576569,9.288818,0.978510,-0.127826,0.161797,-0.000000,0.784665,0.619920,-0.206198,-0.606598,0.767803), FOV = 70.0000},
	{CFrame.new(3.480621,8.573639,9.283913,0.978510,-0.127826,0.161797,-0.000000,0.784665,0.619920,-0.206198,-0.606598,0.767803), FOV = 70.0000},
	{CFrame.new(3.479027,8.571075,9.279648,0.978510,-0.127826,0.161797,-0.000000,0.784665,0.619920,-0.206198,-0.606598,0.767803), FOV = 70.0000},
	{CFrame.new(3.477798,8.575409,9.275826,0.978510,-0.127826,0.161797,-0.000000,0.784665,0.619919,-0.206198,-0.606597,0.767803), FOV = 70.0000},
	{CFrame.new(3.479263,8.575592,9.275940,0.978510,-0.127826,0.161797,-0.000000,0.784665,0.619919,-0.206198,-0.606597,0.767803), FOV = 70.0000},
	{CFrame.new(3.483795,8.573120,9.278755,0.978510,-0.127826,0.161797,-0.000000,0.784665,0.619920,-0.206198,-0.606598,0.767803), FOV = 70.0000},
	{CFrame.new(3.484749,8.573730,9.278427,0.978510,-0.127826,0.161797,-0.000000,0.784665,0.619919,-0.206198,-0.606597,0.767803), FOV = 70.0000},
	{CFrame.new(3.487823,8.576477,9.280403,0.978510,-0.127826,0.161797,-0.000000,0.784665,0.619919,-0.206198,-0.606597,0.767803), FOV = 70.0000},
	{CFrame.new(3.488129,8.576538,9.279831,0.978510,-0.127826,0.161797,-0.000000,0.784665,0.619920,-0.206198,-0.606598,0.767803), FOV = 70.0000},
	{CFrame.new(3.486420,8.574615,9.277374,0.978510,-0.127826,0.161797,-0.000000,0.784665,0.619920,-0.206198,-0.606598,0.767803), FOV = 70.0000},
	{CFrame.new(3.484894,8.572937,9.275215,0.978510,-0.127826,0.161797,-0.000000,0.784665,0.619920,-0.206198,-0.606598,0.767803), FOV = 70.0000},
	{CFrame.new(3.487503,8.571747,9.273643,0.978510,-0.127826,0.161797,-0.000000,0.784665,0.619920,-0.206198,-0.606598,0.767803), FOV = 70.0000},
	{CFrame.new(3.487869,8.572632,9.274170,0.978510,-0.127826,0.161797,-0.000000,0.784665,0.619919,-0.206198,-0.606597,0.767803), FOV = 70.0000},
	{CFrame.new(3.486549,8.574921,9.276215,0.978510,-0.127826,0.161797,-0.000000,0.784665,0.619919,-0.206198,-0.606597,0.767803), FOV = 70.0000},
	{CFrame.new(3.487022,8.575226,9.276283,0.978510,-0.127826,0.161797,-0.000000,0.784665,0.619920,-0.206198,-0.606598,0.767803), FOV = 70.0000},
	{CFrame.new(3.485954,8.573975,9.277855,0.978510,-0.127826,0.161797,-0.000000,0.784665,0.619919,-0.206198,-0.606597,0.767803), FOV = 70.0000},
	{CFrame.new(3.486549,8.574432,9.277679,0.978510,-0.127826,0.161797,-0.000000,0.784665,0.619919,-0.206198,-0.606597,0.767803), FOV = 70.0000},
	{CFrame.new(3.488510,8.573425,9.278923,0.978510,-0.127826,0.161797,-0.000000,0.784665,0.619920,-0.206198,-0.606598,0.767803), FOV = 70.0000},
	{CFrame.new(3.486465,8.572113,9.275734,0.978510,-0.127826,0.161797,-0.000000,0.784665,0.619920,-0.206198,-0.606598,0.767803), FOV = 70.0000},
	{CFrame.new(3.486900,8.572723,9.275856,0.978510,-0.127826,0.161797,-0.000000,0.784665,0.619920,-0.206198,-0.606598,0.767803), FOV = 70.0000},
	{CFrame.new(3.488541,8.572296,9.274841,0.978510,-0.127826,0.161797,-0.000000,0.784665,0.619920,-0.206198,-0.606598,0.767803), FOV = 70.0000},
	{CFrame.new(3.488716,8.572968,9.275124,0.978510,-0.127826,0.161797,-0.000000,0.784665,0.619919,-0.206198,-0.606597,0.767803), FOV = 70.0000},
	{CFrame.new(3.488861,8.573486,9.275337,0.978510,-0.127826,0.161797,-0.000000,0.784665,0.619920,-0.206198,-0.606598,0.767803), FOV = 70.0000},
	{CFrame.new(3.490074,8.572998,9.274513,0.978510,-0.127826,0.161797,-0.000000,0.784665,0.619919,-0.206198,-0.606597,0.767803), FOV = 70.0000},
	{CFrame.new(3.490013,8.573578,9.274834,0.978510,-0.127826,0.161797,-0.000000,0.784665,0.619919,-0.206198,-0.606597,0.767803), FOV = 70.0000},
	{CFrame.new(3.489082,8.575012,9.274261,0.978510,-0.127826,0.161797,-0.000000,0.784665,0.619920,-0.206198,-0.606598,0.767803), FOV = 70.0000},
	{CFrame.new(3.489166,8.575287,9.274628,0.978510,-0.127826,0.161797,-0.000000,0.784665,0.619919,-0.206198,-0.606597,0.767803), FOV = 70.0000},
	{CFrame.new(3.488457,8.576324,9.275772,0.978510,-0.127826,0.161797,-0.000000,0.784665,0.619920,-0.206198,-0.606598,0.767803), FOV = 70.0000},
	{CFrame.new(3.488670,8.576416,9.275917,0.978510,-0.127826,0.161797,-0.000000,0.784665,0.619920,-0.206198,-0.606598,0.767803), FOV = 70.0000},
	{CFrame.new(3.489548,8.577179,9.276749,0.978510,-0.127826,0.161797,-0.000000,0.784665,0.619920,-0.206198,-0.606598,0.767803), FOV = 70.0000},
	{CFrame.new(3.493469,8.580597,9.272926,0.978510,-0.127826,0.161797,-0.000000,0.784665,0.619919,-0.206198,-0.606597,0.767803), FOV = 70.0000},
	{CFrame.new(3.492767,8.579895,9.273621,0.978510,-0.127826,0.161797,-0.000000,0.784665,0.619919,-0.206198,-0.606597,0.767803), FOV = 70.0000},
	{CFrame.new(3.492844,8.578918,9.273560,0.978510,-0.127826,0.161797,-0.000000,0.784665,0.619920,-0.206198,-0.606598,0.767803), FOV = 70.0000},
	{CFrame.new(3.492889,8.578186,9.273514,0.978510,-0.127826,0.161797,-0.000000,0.784665,0.619919,-0.206198,-0.606597,0.767803), FOV = 70.0000},
	{CFrame.new(3.492477,8.578003,9.273911,0.978510,-0.127826,0.161797,-0.000000,0.784665,0.619920,-0.206198,-0.606598,0.767803), FOV = 70.0000},
	{CFrame.new(3.491570,8.578308,9.273857,0.978510,-0.127826,0.161797,-0.000000,0.784665,0.619919,-0.206198,-0.606597,0.767803), FOV = 70.0000},
	{CFrame.new(3.490852,8.578552,9.273811,0.978510,-0.127826,0.161797,-0.000000,0.784665,0.619919,-0.206198,-0.606597,0.767803), FOV = 70.0000},
	{CFrame.new(3.490669,8.578278,9.274239,0.978510,-0.127826,0.161797,-0.000000,0.784665,0.619919,-0.206198,-0.606597,0.767803), FOV = 70.0000},
	{CFrame.new(3.490059,8.578522,9.275108,0.978510,-0.127826,0.161797,-0.000000,0.784665,0.619920,-0.206198,-0.606598,0.767803), FOV = 70.0000},
	{CFrame.new(3.489998,8.578247,9.275368,0.978510,-0.127826,0.161797,-0.000000,0.784665,0.619920,-0.206198,-0.606598,0.767803), FOV = 70.0000},
	{CFrame.new(3.489532,8.577606,9.275177,0.978510,-0.127826,0.161797,-0.000000,0.784665,0.619919,-0.206198,-0.606597,0.767803), FOV = 70.0000},
	{CFrame.new(3.489151,8.577057,9.275009,0.978510,-0.127826,0.161797,-0.000000,0.784665,0.619919,-0.206198,-0.606597,0.767803), FOV = 70.0000},
	{CFrame.new(3.488846,8.577393,9.274902,0.978510,-0.127826,0.161797,-0.000000,0.784665,0.619919,-0.206198,-0.606597,0.767803), FOV = 70.0000},
	{CFrame.new(3.488968,8.577301,9.275169,0.978510,-0.127826,0.161797,-0.000000,0.784665,0.619920,-0.206198,-0.606598,0.767803), FOV = 70.0000},
	{CFrame.new(3.489449,8.576874,9.275085,0.978510,-0.127826,0.161797,-0.000000,0.784665,0.619920,-0.206198,-0.606598,0.767803), FOV = 70.0000},
	{CFrame.new(3.489479,8.576874,9.275337,0.978510,-0.127826,0.161797,-0.000000,0.784665,0.619920,-0.206198,-0.606598,0.767803), FOV = 70.0000},
	{CFrame.new(3.489830,8.576538,9.275253,0.978510,-0.127826,0.161797,-0.000000,0.784665,0.619920,-0.206198,-0.606598,0.767803), FOV = 70.0000},
	{CFrame.new(3.489799,8.576599,9.275490,0.978510,-0.127826,0.161797,-0.000000,0.784665,0.619919,-0.206198,-0.606597,0.767803), FOV = 70.0000},
	{CFrame.new(3.490067,8.576355,9.275414,0.978510,-0.127826,0.161797,-0.000000,0.784665,0.619920,-0.206198,-0.606598,0.767803), FOV = 70.0000},
	{CFrame.new(3.489998,8.576416,9.275620,0.978510,-0.127826,0.161797,-0.000000,0.784665,0.619919,-0.206198,-0.606597,0.767803), FOV = 70.0000},
	{CFrame.new(3.490181,8.576263,9.276016,0.978510,-0.127826,0.161797,-0.000000,0.784665,0.619920,-0.206198,-0.606598,0.767803), FOV = 70.0000},
	{CFrame.new(3.490349,8.576111,9.276375,0.978510,-0.127826,0.161797,-0.000000,0.784665,0.619919,-0.206198,-0.606597,0.767803), FOV = 70.0000},
	{CFrame.new(3.490479,8.575989,9.276199,0.978510,-0.127826,0.161797,-0.000000,0.784665,0.619919,-0.206198,-0.606597,0.767803), FOV = 70.0000},
	{CFrame.new(3.490349,8.576111,9.276276,0.978510,-0.127826,0.161797,-0.000000,0.784665,0.619919,-0.206198,-0.606597,0.767803), FOV = 70.0000},
	{CFrame.new(3.490456,8.576019,9.276550,0.978510,-0.127826,0.161797,-0.000000,0.784665,0.619919,-0.206198,-0.606597,0.767803), FOV = 70.0000},
}
return CutsceneCF
